.	Basic Statistics	Per Base Sequence Quality	Per Tile Sequence Quality	Per Sequence Quality Scores	Per Base Sequence Content	Per Sequence GC Content	Per Base N Content	Sequence Length Distribution	Sequence Duplication Levels	Overrepresented Sequences	Adapter Content
GI-103_S80.R1	1	1	0.5	1	0.25	0.25	1	0.5	0.25	0.25	1
GI-103_S80.R2	1	0.25	0.5	1	0.25	0.25	1	0.5	0.25	0.25	1
GI-59_S79.R1	1	1	0.5	1	0.25	0.25	1	0.5	0.25	0.25	1
GI-59_S79.R2	1	0.25	0.5	1	0.25	0.25	1	0.5	0.25	0.25	1
Gl-104_S42.R1	1	1	0.5	1	0.25	0.25	1	0.5	0.25	0.25	1
Gl-104_S42.R2	1	0.25	0.5	1	0.25	0.25	1	0.5	0.25	0.25	1
Gl-111_S43.R1	1	1	0.5	1	0.25	0.25	1	0.5	0.25	0.25	1
Gl-111_S43.R2	1	0.25	0.5	1	0.25	0.25	1	0.5	0.25	0.25	1
Gl-114_S44.R1	1	1	0.5	1	0.25	0.25	1	0.5	0.25	0.25	1
Gl-114_S44.R2	1	0.25	0.5	1	0.25	0.25	1	0.5	0.25	0.25	1
Gl-121_S45.R1	1	1	0.5	1	0.25	0.25	1	0.5	0.25	0.25	1
Gl-121_S45.R2	1	0.25	0.5	1	0.25	0.25	1	0.5	0.25	0.25	1
Gl-124_S46.R1	1	1	0.5	1	0.25	0.25	1	0.5	0.25	0.25	1
Gl-124_S46.R2	1	0.25	0.5	1	0.25	0.25	1	0.5	0.25	0.25	1
Gl-125_S47.R1	1	1	0.5	1	0.25	0.25	1	0.5	0.25	0.25	1
Gl-125_S47.R2	1	0.25	0.5	1	0.25	0.25	1	0.5	0.25	0.25	1
Gl-14_S2.R1	1	1	0.5	1	0.25	0.25	1	0.5	0.25	0.25	1
Gl-14_S2.R2	1	0.5	0.5	1	0.25	0.25	1	0.5	0.25	0.25	1
Gl-15_S3.R1	1	1	0.5	1	0.25	0.25	1	0.5	0.25	0.25	1
Gl-15_S3.R2	1	0.5	0.5	1	0.25	0.25	1	0.5	0.25	0.25	1
Gl-16_S4.R1	1	1	0.5	1	0.25	0.25	1	0.5	0.25	0.25	1
Gl-16_S4.R2	1	0.25	0.5	1	0.25	0.25	1	0.5	0.25	0.25	1
Gl-17_S5.R1	1	1	0.5	1	0.25	0.25	1	0.5	0.25	0.25	1
Gl-17_S5.R2	1	0.25	0.5	1	0.25	0.25	1	0.5	0.25	0.25	1
Gl-25_S48.R1	1	1	0.5	1	0.25	0.25	1	0.5	0.25	0.25	1
Gl-25_S48.R2	1	0.5	0.5	1	0.25	0.25	1	0.5	0.25	0.25	1
Gl-26_S6.R1	1	1	0.5	1	0.25	0.25	1	0.5	0.25	0.25	1
Gl-26_S6.R2	1	0.5	0.5	1	0.25	0.25	1	0.5	0.25	0.25	1
Gl-27_S7.R1	1	1	0.5	1	0.25	0.25	1	0.5	0.25	0.25	1
Gl-27_S7.R2	1	0.25	0.5	1	0.25	0.25	1	0.5	0.25	0.25	1
Gl-28_S8.R1	1	1	0.5	1	0.25	0.25	1	0.5	0.25	0.25	1
Gl-28_S8.R2	1	0.25	0.5	1	0.25	0.25	1	0.5	0.25	0.25	1
Gl-29_S9.R1	1	1	0.5	1	0.25	0.25	1	0.5	0.25	0.25	1
Gl-29_S9.R2	1	0.25	0.5	1	0.25	0.25	1	0.5	0.25	0.25	1
Gl-30_S10.R1	1	1	0.5	1	0.25	0.25	1	0.5	0.25	0.25	1
Gl-30_S10.R2	1	0.25	0.5	1	0.25	0.25	1	0.5	0.25	0.25	1
Gl-31_S11.R1	1	1	0.5	1	0.25	0.25	1	0.5	0.25	0.25	1
Gl-31_S11.R2	1	0.5	1	1	0.25	0.25	1	0.5	0.25	0.25	1
Gl-32_S12.R1	1	1	0.5	1	0.25	0.25	1	0.5	0.25	0.25	1
Gl-32_S12.R2	1	0.5	1	1	0.25	0.25	1	0.5	0.25	0.25	1
Gl-33_S13.R1	1	1	1	1	0.25	0.25	1	0.5	0.25	0.25	1
Gl-33_S13.R2	1	0.25	0.5	1	0.25	0.25	1	0.5	0.25	0.25	1
Gl-34_S14.R1	1	1	0.5	1	0.25	0.25	1	0.5	0.25	0.25	1
Gl-34_S14.R2	1	0.5	0.5	1	0.25	0.25	1	0.5	0.25	0.25	1
Gl-36_S15.R1	1	1	0.5	1	0.25	0.25	1	0.5	0.25	0.25	1
Gl-36_S15.R2	1	0.5	0.5	1	0.25	0.25	1	0.5	0.25	0.25	1
Gl-38_S16.R1	1	1	0.5	1	0.25	0.25	1	0.5	0.25	0.25	1
Gl-38_S16.R2	1	0.25	0.5	1	0.25	0.25	1	0.5	0.25	0.25	1
Gl-39_S17.R1	1	1	0.5	1	0.25	0.25	1	0.5	0.25	0.25	1
Gl-39_S17.R2	1	0.5	0.5	1	0.25	0.25	1	0.5	0.25	0.25	1
Gl-45_S18.R1	1	1	0.5	1	0.25	0.25	1	0.5	0.25	0.25	1
Gl-45_S18.R2	1	0.5	0.5	1	0.25	0.25	1	0.5	0.25	0.25	1
Gl-47_S19.R1	1	1	1	1	0.25	0.25	1	0.5	0.25	0.25	1
Gl-47_S19.R2	1	0.25	0.5	1	0.25	0.25	1	0.5	0.25	0.25	1
Gl-51_S20.R1	1	1	0.5	1	0.25	0.25	1	0.5	0.25	0.25	1
Gl-51_S20.R2	1	0.25	0.5	1	0.25	0.25	1	0.5	0.25	0.25	1
Gl-52_S21.R1	1	1	0.5	1	0.25	0.25	1	0.5	0.25	0.25	1
Gl-52_S21.R2	1	0.25	1	1	0.25	0.25	1	0.5	0.25	0.25	1
Gl-53_S22.R1	1	1	0.5	1	0.25	0.25	1	0.5	0.25	0.25	1
Gl-53_S22.R2	1	0.5	0.5	1	0.25	0.25	1	0.5	0.25	0.25	1
Gl-54_S23.R1	1	1	0.5	1	0.25	0.25	1	0.5	0.25	0.25	1
Gl-54_S23.R2	1	0.5	0.5	1	0.25	0.25	1	0.5	0.25	0.25	1
Gl-56_S24.R1	1	1	0.5	1	0.25	0.25	1	0.5	0.25	0.25	1
Gl-56_S24.R2	1	0.25	0.5	1	0.25	0.25	1	0.5	0.25	0.25	1
Gl-61_S25.R1	1	1	0.5	1	0.25	0.25	1	0.5	0.25	0.25	1
Gl-61_S25.R2	1	0.25	1	1	0.25	0.25	1	0.5	0.25	0.25	1
Gl-62_S26.R1	1	1	0.5	1	0.25	0.25	1	0.5	0.25	0.25	1
Gl-62_S26.R2	1	0.25	0.5	1	0.25	0.25	1	0.5	0.25	0.25	1
Gl-63_S27.R1	1	1	0.5	1	0.25	0.25	1	0.5	0.25	0.25	1
Gl-63_S27.R2	1	0.25	0.5	1	0.25	0.25	1	0.5	0.25	0.25	1
Gl-64_S28.R1	1	1	0.5	1	0.25	0.25	1	0.5	0.25	0.25	1
Gl-64_S28.R2	1	0.5	1	1	0.25	0.25	1	0.5	0.25	0.25	1
Gl-66_S29.R1	1	1	0.5	1	0.25	0.25	1	0.5	0.25	0.25	1
Gl-66_S29.R2	1	0.25	0.5	1	0.25	0.25	1	0.5	0.25	0.25	1
Gl-67_S30.R1	1	1	0.5	1	0.25	0.25	1	0.5	0.25	0.25	1
Gl-67_S30.R2	1	0.25	0.5	1	0.25	0.25	1	0.5	0.25	0.25	1
Gl-69_S31.R1	1	1	0.5	1	0.25	0.25	1	0.5	0.25	0.25	1
Gl-69_S31.R2	1	0.25	0.5	1	0.25	0.25	1	0.5	0.25	0.25	1
Gl-70_S32.R1	1	1	0.5	1	0.25	0.25	1	0.5	0.25	0.25	1
Gl-70_S32.R2	1	0.25	0.5	1	0.25	0.25	1	0.5	0.25	0.25	1
Gl-71_S33.R1	1	1	0.5	1	0.25	0.25	1	0.5	0.25	0.25	1
Gl-71_S33.R2	1	0.25	0.5	1	0.25	0.25	1	0.5	0.25	0.25	1
Gl-72_S34.R1	1	1	0.5	1	0.25	0.25	1	0.5	0.25	0.25	1
Gl-72_S34.R2	1	0.25	0.5	1	0.25	0.25	1	0.5	0.25	0.25	1
Gl-73_S35.R1	1	1	0.5	1	0.25	0.25	1	0.5	0.25	0.25	1
Gl-73_S35.R2	1	0.25	0.5	1	0.25	0.25	1	0.5	0.25	0.25	1
Gl-75_S36.R1	1	1	0.5	1	0.25	0.25	1	0.5	0.25	0.25	1
Gl-75_S36.R2	1	0.25	1	1	0.25	0.25	1	0.5	0.25	0.25	1
Gl-79_S37.R1	1	1	0.5	1	0.25	0.25	1	0.5	0.25	0.25	1
Gl-79_S37.R2	1	0.25	0.5	1	0.25	0.25	1	0.5	0.25	0.25	1
Gl-7_S1.R1	1	1	0.5	1	0.25	0.25	1	0.5	0.25	0.25	1
Gl-7_S1.R2	1	0.25	0.5	1	0.25	0.25	1	0.5	0.25	0.25	1
Gl-80_S38.R1	1	1	0.5	1	0.25	0.25	1	0.5	0.25	0.25	1
Gl-80_S38.R2	1	0.25	0.5	1	0.25	0.25	1	0.5	0.25	0.25	1
Gl-85_S39.R1	1	1	0.5	1	0.25	0.25	1	0.5	0.25	0.25	1
Gl-85_S39.R2	1	0.25	0.5	1	0.25	0.25	1	0.5	0.25	0.25	1
Gl-86_S40.R1	1	1	0.5	1	0.25	0.25	1	0.5	0.25	0.25	1
Gl-86_S40.R2	1	0.5	0.5	1	0.25	0.25	1	0.5	0.25	0.25	1
Gl-88_S41.R1	1	1	0.5	1	0.25	0.25	1	0.5	0.25	0.25	1
Gl-88_S41.R2	1	0.25	0.5	1	0.25	0.25	1	0.5	0.25	0.25	1
I10_S77.R1	1	1	0.5	1	0.25	0.25	1	0.5	0.25	0.25	1
I10_S77.R2	1	0.25	0.5	1	0.25	0.25	1	0.5	0.25	0.25	1
I111_S52.R1	1	1	0.5	1	0.25	0.25	1	0.5	0.25	0.25	1
I111_S52.R2	1	0.25	0.5	1	0.25	0.25	1	0.5	0.25	0.25	1
I113_S59.R1	1	1	0.5	1	0.25	0.25	1	0.5	0.25	0.25	1
I113_S59.R2	1	0.25	0.5	1	0.25	0.25	1	0.5	0.25	0.25	1
I117_S53.R1	1	1	0.25	1	0.25	0.25	1	0.5	0.25	0.25	1
I117_S53.R2	1	0.25	0.5	1	0.25	0.25	1	0.5	0.25	0.25	1
I11_S78.R1	1	1	0.5	1	0.25	0.25	1	0.5	0.25	0.25	1
I11_S78.R2	1	0.5	1	1	0.25	0.25	1	0.5	0.25	0.25	1
I13_S67.R1	1	1	0.5	1	0.25	0.25	1	0.5	0.25	0.25	1
I13_S67.R2	1	0.25	0.5	1	0.25	0.25	1	0.5	0.25	0.25	1
I14_S68.R1	1	1	1	1	0.25	0.25	1	0.5	0.25	0.25	1
I14_S68.R2	1	0.25	1	1	0.25	0.25	1	0.5	0.25	0.25	1
I15_S69.R1	1	1	0.5	1	0.25	0.25	1	0.5	0.25	0.25	1
I15_S69.R2	1	0.25	0.5	1	0.25	0.25	1	0.5	0.25	0.25	1
I16_S70.R1	1	1	0.5	1	0.25	0.25	1	0.5	0.25	0.25	1
I16_S70.R2	1	0.25	0.5	1	0.25	0.25	1	0.5	0.25	0.25	1
I17_S71.R1	1	1	0.5	1	0.25	0.25	1	0.5	0.25	0.25	1
I17_S71.R2	1	0.25	1	1	0.25	0.25	1	0.5	0.25	0.25	1
I18_S72.R1	1	1	0.5	1	0.25	0.25	1	0.5	0.25	0.25	1
I18_S72.R2	1	0.5	0.5	1	0.25	0.25	1	0.5	0.25	0.25	1
I19_S73.R1	1	1	0.5	1	0.25	0.25	1	0.5	0.25	0.25	0.5
I19_S73.R2	1	0.25	0.5	1	0.25	0.25	1	0.5	0.25	0.25	1
I24_S49.R1	1	1	0.5	1	0.25	0.25	1	0.5	0.25	0.25	1
I24_S49.R2	1	0.25	0.5	1	0.25	0.25	1	0.5	0.25	0.25	1
I28_S74.R1	1	1	0.5	1	0.25	0.25	1	0.5	0.25	0.25	1
I28_S74.R2	1	0.25	1	1	0.25	0.25	1	0.5	0.25	0.25	1
I29_S75.R1	1	1	0.5	1	0.25	0.25	1	0.5	0.25	0.25	1
I29_S75.R2	1	0.25	0.5	1	0.25	0.25	1	0.5	0.25	0.25	1
I2_S60.R1	1	1	0.5	1	0.25	0.25	1	0.5	0.25	0.25	1
I2_S60.R2	1	0.25	0.5	1	0.25	0.25	1	0.5	0.25	0.25	1
I35_S50.R1	1	1	0.5	1	0.25	0.25	1	0.5	0.25	0.25	1
I35_S50.R2	1	0.25	0.5	1	0.25	0.25	1	0.5	0.25	0.25	1
I36_S51.R1	1	1	0.5	1	0.25	0.25	1	0.5	0.25	0.25	1
I36_S51.R2	1	0.25	0.5	1	0.25	0.25	1	0.5	0.25	0.25	1
I3_S61.R1	1	1	0.5	1	0.25	0.25	1	0.5	0.25	0.25	1
I3_S61.R2	1	0.25	0.5	1	0.25	0.25	1	0.5	0.25	0.25	1
I4_S62.R1	1	1	0.5	1	0.25	0.25	1	0.5	0.25	0.25	1
I4_S62.R2	1	0.5	1	1	0.25	0.25	1	0.5	0.25	0.25	1
I50_S54.R1	1	1	0.5	1	0.25	0.25	1	0.5	0.25	0.25	1
I50_S54.R2	1	0.5	0.5	1	0.25	0.25	1	0.5	0.25	0.25	1
I51_S55.R1	1	1	1	1	0.25	0.25	1	0.5	0.25	0.25	1
I51_S55.R2	1	0.5	0.5	1	0.25	0.25	1	0.5	0.25	0.25	1
I52_S56.R1	1	1	0.5	1	0.25	0.25	1	0.5	0.25	0.25	1
I52_S56.R2	1	0.25	1	1	0.25	0.25	1	0.5	0.25	0.25	1
I56_S57.R1	1	1	0.5	1	0.25	0.25	1	0.5	0.25	0.25	1
I56_S57.R2	1	0.25	0.5	1	0.25	0.25	1	0.5	0.25	0.25	1
I57_S58.R1	1	1	0.5	1	0.25	0.25	1	0.5	0.25	0.25	1
I57_S58.R2	1	0.25	0.5	1	0.25	0.25	1	0.5	0.25	0.25	1
I5_S63.R1	1	1	0.5	1	0.25	0.25	1	0.5	0.25	0.25	1
I5_S63.R2	1	0.25	0.5	1	0.25	0.25	1	0.5	0.25	0.25	1
I6_S64.R1	1	1	0.5	1	0.25	0.25	1	0.5	0.25	0.25	1
I6_S64.R2	1	0.25	0.5	1	0.25	0.25	1	0.5	0.25	0.25	1
I7_S65.R1	1	1	0.5	1	0.25	0.25	1	0.5	0.25	0.25	1
I7_S65.R2	1	0.5	0.5	1	0.25	0.25	1	0.5	0.25	0.25	1
I8_S66.R1	1	1	0.5	1	0.25	0.25	1	0.5	0.25	0.25	1
I8_S66.R2	1	0.25	0.5	1	0.25	0.25	1	0.5	0.25	0.25	1
I9_S76.R1	1	1	0.5	1	0.25	0.25	1	0.5	0.25	0.25	1
I9_S76.R2	1	0.25	0.5	1	0.25	0.25	1	0.5	0.25	0.25	1
