Sample	0	1	2	3	4	5	6	7	8	9	10	11	12	13	14	15
GI-103_S80.R1	(1.0, 4.89730096757766)	(2.0, 1.8587676116109322)	(3.0, 1.4259039212357834)	(4.0, 0.7978271940247836)	(5.0, 0.4668137837379053)	(6.0, 0.4837888304192836)	(7.0, 0.2970633169241216)	(8.0, 0.407401120353081)	(9.0, 0.1909692751655067)	('>10', 6.030385333559667)	('>50', 5.9327788151417415)	('>100', 30.95399762349346)	('>500', 31.0813104736038)	('>1k', 15.175691733152266)	('>5k', 0.0)	('>10k+', 0.0)
GI-103_S80.R2	(1.0, 9.476319809879477)	(2.0, 2.5292819555253776)	(3.0, 1.4640977762688847)	(4.0, 0.8996774741130538)	(5.0, 0.615345442199966)	(6.0, 0.5856391105075539)	(7.0, 0.386182312001358)	(8.0, 0.2037005601765405)	(9.0, 0.3819385503310134)	('>10', 6.4929553556272275)	('>50', 6.951281616024444)	('>100', 30.979460193515536)	('>500', 21.711084705482943)	('>1k', 17.32303513834663)	('>5k', 0.0)	('>10k+', 0.0)
GI-59_S79.R1	(1.0, 2.246437016680514)	(2.0, 0.7860931808014315)	(3.0, 0.623122643318208)	(4.0, 0.46015210583498434)	(5.0, 0.3515050808461686)	(6.0, 0.26842206173707417)	(7.0, 0.5592126286189045)	(8.0, 0.2556400587972135)	(9.0, 0.20131654630280563)	('>10', 4.534415542915575)	('>50', 1.8981274365693104)	('>100', 11.235380584137534)	('>500', 0.0)	('>1k', 0.0)	('>5k', 0.0)	('>10k+', 76.58017511344028)
GI-59_S79.R2	(1.0, 4.675017575254042)	(2.0, 1.0864702498881575)	(3.0, 0.5080846168594619)	(4.0, 0.6391001469930337)	(5.0, 0.623122643318208)	(6.0, 0.47932511024477537)	(7.0, 0.492107113184636)	(8.0, 0.5368441234741483)	(9.0, 0.40263309260561125)	('>10', 5.742314820732409)	('>50', 1.4124113248546046)	('>100', 11.765833706141752)	('>500', 0.0)	('>1k', 0.0)	('>5k', 0.0)	('>10k+', 71.63673547644916)
Gl-104_S42.R1	(1.0, 5.8460556412575135)	(2.0, 2.159689345177935)	(3.0, 1.164955582743763)	(4.0, 0.957497739241449)	(5.0, 0.7979147827012076)	(6.0, 0.4149156870046279)	(7.0, 0.5957763710835683)	(8.0, 0.38299909569657964)	(9.0, 0.23937443481036225)	('>10', 6.186499281876696)	('>50', 6.85674769934571)	('>100', 40.99686153518804)	('>500', 26.91100590456939)	('>1k', 6.489706899303155)	('>5k', 0.0)	('>10k+', 0.0)
Gl-104_S42.R2	(1.0, 11.633597531783606)	(2.0, 2.7980211713389007)	(3.0, 1.7234959306346083)	(4.0, 1.0000531943188469)	(5.0, 0.7979147827012076)	(6.0, 0.5106654609287729)	(7.0, 0.40959625511995323)	(8.0, 0.2553327304643864)	(9.0, 0.38299909569657964)	('>10', 7.867439757433906)	('>50', 8.787701473482631)	('>100', 28.38980796850896)	('>500', 29.597319006330125)	('>1k', 5.8460556412575135)	('>5k', 0.0)	('>10k+', 0.0)
Gl-111_S43.R1	(1.0, 16.37037037037037)	(2.0, 5.08641975308642)	(3.0, 3.037037037037037)	(4.0, 1.6790123456790123)	(5.0, 1.9753086419753085)	(6.0, 1.3333333333333335)	(7.0, 1.5555555555555556)	(8.0, 1.9753086419753085)	(9.0, 1.1111111111111112)	('>10', 25.851851851851855)	('>50', 10.493827160493826)	('>100', 29.530864197530864)	('>500', 0.0)	('>1k', 0.0)	('>5k', 0.0)	('>10k+', 0.0)
Gl-111_S43.R2	(1.0, 21.209876543209877)	(2.0, 4.592592592592593)	(3.0, 2.2222222222222223)	(4.0, 1.4814814814814816)	(5.0, 2.4691358024691357)	(6.0, 1.4814814814814816)	(7.0, 0.8641975308641975)	(8.0, 0.5925925925925926)	(9.0, 0.8888888888888888)	('>10', 25.97530864197531)	('>50', 18.691358024691358)	('>100', 19.530864197530864)	('>500', 0.0)	('>1k', 0.0)	('>5k', 0.0)	('>10k+', 0.0)
Gl-114_S44.R1	(1.0, 7.773584905660377)	(2.0, 2.1132075471698113)	(3.0, 1.8113207547169812)	(4.0, 0.0)	(5.0, 1.1320754716981132)	(6.0, 2.7169811320754715)	(7.0, 1.5849056603773584)	(8.0, 0.6037735849056604)	(9.0, 0.6792452830188679)	('>10', 6.566037735849056)	('>50', 8.981132075471699)	('>100', 66.0377358490566)	('>500', 0.0)	('>1k', 0.0)	('>5k', 0.0)	('>10k+', 0.0)
Gl-114_S44.R2	(1.0, 8.226415094339623)	(2.0, 2.4150943396226414)	(3.0, 0.9056603773584906)	(4.0, 1.2075471698113207)	(5.0, 1.1320754716981132)	(6.0, 1.3584905660377358)	(7.0, 2.6415094339622645)	(8.0, 0.0)	(9.0, 0.0)	('>10', 15.396226415094338)	('>50', 0.0)	('>100', 24.754716981132074)	('>500', 41.9622641509434)	('>1k', 0.0)	('>5k', 0.0)	('>10k+', 0.0)
Gl-121_S45.R1	(1.0, 4.65008353443475)	(2.0, 1.9955448301466494)	(3.0, 1.1694820865045479)	(4.0, 1.1323556710599592)	(5.0, 0.7425283088917765)	(6.0, 0.36198255058474105)	(7.0, 0.5197698162242436)	(8.0, 0.03712641544458883)	(9.0, 0.4176721737516243)	('>10', 5.91238165955077)	('>50', 1.6428438834230557)	('>100', 20.96714312233154)	('>500', 14.924819008724707)	('>1k', 45.526266938927044)	('>5k', 0.0)	('>10k+', 0.0)
Gl-121_S45.R2	(1.0, 10.242249860775942)	(2.0, 2.8123259699276035)	(3.0, 1.7959903471319842)	(4.0, 1.2622981251160201)	(5.0, 0.8121403378503805)	(6.0, 0.8074995359198068)	(7.0, 0.42231297568219794)	(8.0, 0.2598849081121218)	(9.0, 0.29237052162613697)	('>10', 5.708186374605532)	('>50', 2.5663634676072027)	('>100', 17.927417857805832)	('>500', 17.778912196027473)	('>1k', 37.31204752181177)	('>5k', 0.0)	('>10k+', 0.0)
Gl-124_S46.R1	(1.0, 3.9206265314947393)	(2.0, 1.7489069331667706)	(3.0, 0.9945707010041801)	(4.0, 0.768750300293086)	(5.0, 0.26425791572574836)	(6.0, 0.2882813626099073)	(7.0, 0.3026954307404026)	(8.0, 0.30750012011723443)	(9.0, 0.25945322634891654)	('>10', 4.766251861817134)	('>50', 2.2245711814731175)	('>100', 18.555710373324363)	('>500', 22.019891414020083)	('>1k', 43.578532647864314)	('>5k', 0.0)	('>10k+', 0.0)
Gl-124_S46.R2	(1.0, 9.657425647431893)	(2.0, 2.6521885360111472)	(3.0, 1.4846490174410225)	(4.0, 0.9993753903810119)	(5.0, 0.768750300293086)	(6.0, 0.6053908614808052)	(7.0, 0.36996108201604766)	(8.0, 0.1921875750732715)	(9.0, 0.17296881756594437)	('>10', 4.775861240570797)	('>50', 2.9116417623600634)	('>100', 15.240474703310431)	('>500', 14.6158650843223)	('>1k', 45.55325998174218)	('>5k', 0.0)	('>10k+', 0.0)
Gl-125_S47.R1	(1.0, 2.8347693134155665)	(2.0, 1.3264736874728817)	(3.0, 0.9607636521415731)	(4.0, 0.8181987231141139)	(5.0, 0.4752164300915308)	(6.0, 0.45868716295791234)	(7.0, 0.39050393603173617)	(8.0, 0.2809975412715139)	(9.0, 0.26033595735449083)	('>10', 4.004214963119073)	('>50', 2.2851711812227524)	('>100', 9.617967313374242)	('>500', 9.000185954255253)	('>1k', 56.45157957809046)	('>5k', 10.834934606086904)	('>10k+', 0.0)
Gl-125_S47.R2	(1.0, 7.308002231451064)	(2.0, 1.7355730490299388)	(3.0, 1.3202752122977748)	(4.0, 1.066137730118391)	(5.0, 0.7438170210128308)	(6.0, 0.7686109217132585)	(7.0, 0.5062088059670654)	(8.0, 0.5619950825430278)	(9.0, 0.33471765945577386)	('>10', 4.231492386206327)	('>50', 2.3450897745821195)	('>100', 10.432033719704952)	('>500', 9.65929048120829)	('>1k', 48.20347527841484)	('>5k', 10.783280646294346)	('>10k+', 0.0)
Gl-14_S2.R1	(1.0, 23.141186299081035)	(2.0, 6.7669172932330826)	(3.0, 3.508771929824561)	(4.0, 2.8404344193817876)	(5.0, 2.297410192147034)	(6.0, 2.2556390977443606)	(7.0, 3.508771929824561)	(8.0, 2.0050125313283207)	(9.0, 2.2556390977443606)	('>10', 26.065162907268167)	('>50', 0.0)	('>100', 25.355054302422726)	('>500', 0.0)	('>1k', 0.0)	('>5k', 0.0)	('>10k+', 0.0)
Gl-14_S2.R2	(1.0, 27.77777777777778)	(2.0, 5.597326649958228)	(3.0, 3.007518796992481)	(4.0, 3.341687552213868)	(5.0, 2.297410192147034)	(6.0, 2.0050125313283207)	(7.0, 1.7543859649122806)	(8.0, 0.3341687552213868)	(9.0, 0.7518796992481203)	('>10', 24.81203007518797)	('>50', 0.0)	('>100', 28.32080200501253)	('>500', 0.0)	('>1k', 0.0)	('>5k', 0.0)	('>10k+', 0.0)
Gl-15_S3.R1	(1.0, 26.792031279091415)	(2.0, 6.963321541612362)	(3.0, 3.9098864271085456)	(4.0, 2.085272761124558)	(5.0, 3.165146155278346)	(6.0, 2.3459318562651275)	(7.0, 1.5639545708434184)	(8.0, 1.3405324892943584)	(9.0, 1.5080990504561533)	('>10', 14.112828151182274)	('>50', 13.79631353565444)	('>100', 22.416682182088994)	('>500', 0.0)	('>1k', 0.0)	('>5k', 0.0)	('>10k+', 0.0)
Gl-15_S3.R2	(1.0, 28.85868553342022)	(2.0, 7.633587786259542)	(3.0, 3.5747533047849562)	(4.0, 2.904487060137777)	(5.0, 2.420405883448147)	(6.0, 2.457642897039657)	(7.0, 1.042636380562279)	(8.0, 1.042636380562279)	(9.0, 0.837832805808974)	('>10', 16.98007819772854)	('>50', 9.476819959039286)	('>100', 22.770433811208342)	('>500', 0.0)	('>1k', 0.0)	('>5k', 0.0)	('>10k+', 0.0)
Gl-16_S4.R1	(1.0, 25.251004016064254)	(2.0, 5.321285140562249)	(3.0, 3.614457831325301)	(4.0, 1.8072289156626504)	(5.0, 3.2630522088353415)	(6.0, 2.108433734939759)	(7.0, 1.7570281124497993)	(8.0, 0.8032128514056224)	(9.0, 1.355421686746988)	('>10', 17.520080321285143)	('>50', 0.0)	('>100', 37.1987951807229)	('>500', 0.0)	('>1k', 0.0)	('>5k', 0.0)	('>10k+', 0.0)
Gl-16_S4.R2	(1.0, 28.012048192771083)	(2.0, 7.028112449799197)	(3.0, 2.710843373493976)	(4.0, 2.8112449799196786)	(5.0, 1.2550200803212852)	(6.0, 1.5060240963855422)	(7.0, 2.108433734939759)	(8.0, 0.8032128514056224)	(9.0, 0.0)	('>10', 16.265060240963855)	('>50', 0.0)	('>100', 37.5)	('>500', 0.0)	('>1k', 0.0)	('>5k', 0.0)	('>10k+', 0.0)
Gl-17_S5.R1	(1.0, 12.427184466019417)	(2.0, 2.940360610263523)	(3.0, 1.6643550624133148)	(4.0, 1.8862690707350902)	(5.0, 1.248266296809986)	(6.0, 0.8321775312066574)	(7.0, 0.5825242718446602)	(8.0, 0.665742024965326)	(9.0, 0.24965325936199723)	('>10', 16.36615811373093)	('>50', 17.919556171983356)	('>100', 17.80859916782247)	('>500', 25.409153952843273)	('>1k', 0.0)	('>5k', 0.0)	('>10k+', 0.0)
Gl-17_S5.R2	(1.0, 17.142857142857142)	(2.0, 3.661581137309293)	(3.0, 2.0804438280166435)	(4.0, 0.665742024965326)	(5.0, 1.8030513176144243)	(6.0, 1.4979195561719834)	(7.0, 0.3883495145631068)	(8.0, 0.2219140083217753)	(9.0, 0.7489597780859917)	('>10', 11.28987517337032)	('>50', 18.696255201109572)	('>100', 7.212205270457697)	('>500', 34.590846047156724)	('>1k', 0.0)	('>5k', 0.0)	('>10k+', 0.0)
Gl-25_S48.R1	(1.0, 19.453125)	(2.0, 3.75)	(3.0, 2.34375)	(4.0, 1.5625)	(5.0, 1.953125)	(6.0, 0.9375)	(7.0, 0.546875)	(8.0, 0.625)	(9.0, 0.0)	('>10', 11.25)	('>50', 4.296875)	('>100', 53.28125)	('>500', 0.0)	('>1k', 0.0)	('>5k', 0.0)	('>10k+', 0.0)
Gl-25_S48.R2	(1.0, 22.8125)	(2.0, 6.25)	(3.0, 2.109375)	(4.0, 2.8125)	(5.0, 0.78125)	(6.0, 0.46875)	(7.0, 0.0)	(8.0, 0.625)	(9.0, 0.0)	('>10', 8.671875)	('>50', 11.015625)	('>100', 44.453125)	('>500', 0.0)	('>1k', 0.0)	('>5k', 0.0)	('>10k+', 0.0)
Gl-26_S6.R1	(1.0, 14.330218068535824)	(2.0, 3.6493101913662658)	(3.0, 1.2016021361815754)	(4.0, 1.602136181575434)	(5.0, 2.67022696929239)	(6.0, 0.801068090787717)	(7.0, 0.6230529595015576)	(8.0, 0.7120605251446372)	(9.0, 0.4005340453938585)	('>10', 10.59190031152648)	('>50', 3.115264797507788)	('>100', 60.30262572318647)	('>500', 0.0)	('>1k', 0.0)	('>5k', 0.0)	('>10k+', 0.0)
Gl-26_S6.R2	(1.0, 15.9768580329328)	(2.0, 3.7383177570093453)	(3.0, 1.7356475300400533)	(4.0, 2.1361815754339117)	(5.0, 0.8900756564307966)	(6.0, 1.0680907877169559)	(7.0, 0.6230529595015576)	(8.0, 1.4241210502892745)	(9.0, 0.801068090787717)	('>10', 10.14686248331108)	('>50', 0.0)	('>100', 36.00356030262573)	('>500', 25.456163773920782)	('>1k', 0.0)	('>5k', 0.0)	('>10k+', 0.0)
Gl-27_S7.R1	(1.0, 16.28021706956093)	(2.0, 3.5520473606314753)	(3.0, 2.0720276270350273)	(4.0, 1.3813517513566849)	(5.0, 0.740009866798224)	(6.0, 1.1840157868771584)	(7.0, 1.7266896891958559)	(8.0, 0.7893438579181057)	(9.0, 0.4440059200789344)	('>10', 9.570794277257031)	('>50', 3.1080414405525407)	('>100', 0.0)	('>500', 59.15145535273803)	('>1k', 0.0)	('>5k', 0.0)	('>10k+', 0.0)
Gl-27_S7.R2	(1.0, 17.56290083867785)	(2.0, 4.144055254070055)	(3.0, 2.220029600394672)	(4.0, 1.973359644795264)	(5.0, 1.480019733596448)	(6.0, 0.8880118401578688)	(7.0, 0.3453379378391712)	(8.0, 1.5786877158362114)	(9.0, 0.0)	('>10', 10.360138135175136)	('>50', 0.0)	('>100', 23.778983719782932)	('>500', 35.6684755796744)	('>1k', 0.0)	('>5k', 0.0)	('>10k+', 0.0)
Gl-28_S8.R1	(1.0, 15.588988476312421)	(2.0, 3.265044814340589)	(3.0, 2.6888604353393086)	(4.0, 1.792573623559539)	(5.0, 1.440460947503201)	(6.0, 1.7285531370038414)	(7.0, 0.44814340588988477)	(8.0, 1.5364916773367476)	(9.0, 1.1523687580025608)	('>10', 16.83738796414853)	('>50', 8.002560819462227)	('>100', 45.51856594110115)	('>500', 0.0)	('>1k', 0.0)	('>5k', 0.0)	('>10k+', 0.0)
Gl-28_S8.R2	(1.0, 21.830985915492956)	(2.0, 3.585147247119078)	(3.0, 1.440460947503201)	(4.0, 2.0486555697823303)	(5.0, 1.2804097311139564)	(6.0, 1.1523687580025608)	(7.0, 0.6722151088348272)	(8.0, 1.0243277848911652)	(9.0, 1.7285531370038414)	('>10', 10.819462227912933)	('>50', 12.836107554417413)	('>100', 41.58130601792573)	('>500', 0.0)	('>1k', 0.0)	('>5k', 0.0)	('>10k+', 0.0)
Gl-29_S9.R1	(1.0, 23.7006237006237)	(2.0, 5.50935550935551)	(3.0, 3.2744282744282747)	(4.0, 1.8711018711018712)	(5.0, 1.0395010395010396)	(6.0, 2.806652806652807)	(7.0, 0.36382536382536385)	(8.0, 1.2474012474012475)	(9.0, 2.338877338877339)	('>10', 11.902286902286903)	('>50', 0.0)	('>100', 45.94594594594595)	('>500', 0.0)	('>1k', 0.0)	('>5k', 0.0)	('>10k+', 0.0)
Gl-29_S9.R2	(1.0, 24.74012474012474)	(2.0, 4.365904365904366)	(3.0, 3.4303534303534304)	(4.0, 2.079002079002079)	(5.0, 3.118503118503119)	(6.0, 1.5592515592515594)	(7.0, 0.7276507276507277)	(8.0, 0.4158004158004158)	(9.0, 1.4033264033264035)	('>10', 12.733887733887734)	('>50', 0.0)	('>100', 17.87941787941788)	('>500', 27.546777546777545)	('>1k', 0.0)	('>5k', 0.0)	('>10k+', 0.0)
Gl-30_S10.R1	(1.0, 27.231565329883573)	(2.0, 6.85640362225097)	(3.0, 4.657179818887451)	(4.0, 2.58732212160414)	(5.0, 1.29366106080207)	(6.0, 1.1642949547218628)	(7.0, 1.8111254851228977)	(8.0, 2.069857697283312)	(9.0, 0.5821474773609314)	('>10', 7.503234152652006)	('>50', 0.0)	('>100', 44.24320827943079)	('>500', 0.0)	('>1k', 0.0)	('>5k', 0.0)	('>10k+', 0.0)
Gl-30_S10.R2	(1.0, 30.983182406209576)	(2.0, 5.692108667529108)	(3.0, 3.8809831824062093)	(4.0, 3.363518758085381)	(5.0, 2.910737386804657)	(6.0, 2.3285899094437257)	(7.0, 1.8111254851228977)	(8.0, 1.034928848641656)	(9.0, 0.0)	('>10', 4.657179818887451)	('>50', 0.0)	('>100', 43.33764553686934)	('>500', 0.0)	('>1k', 0.0)	('>5k', 0.0)	('>10k+', 0.0)
Gl-31_S11.R1	(1.0, 8.342063907805134)	(2.0, 3.0120481927710845)	(3.0, 1.650078575170246)	(4.0, 0.7857517024620221)	(5.0, 1.1131482451545311)	(6.0, 0.39287585123101104)	(7.0, 0.825039287585123)	(8.0, 0.7333682556312205)	(9.0, 0.5893137768465165)	('>10', 12.729177579884757)	('>50', 6.82294394971189)	('>100', 46.699842849659504)	('>500', 16.304347826086957)	('>1k', 0.0)	('>5k', 0.0)	('>10k+', 0.0)
Gl-31_S11.R2	(1.0, 14.588789942378208)	(2.0, 3.9811419591409116)	(3.0, 2.003666841278156)	(4.0, 1.466736511262441)	(5.0, 1.1131482451545311)	(6.0, 0.6286013619696176)	(7.0, 0.2750130958617077)	(8.0, 0.6286013619696176)	(9.0, 0.11786275536930331)	('>10', 10.33263488737559)	('>50', 9.193294918805657)	('>100', 48.87375589313777)	('>500', 6.796752226296491)	('>1k', 0.0)	('>5k', 0.0)	('>10k+', 0.0)
Gl-32_S12.R1	(1.0, 13.601741022850925)	(2.0, 3.4095030830612987)	(3.0, 2.8291621327529923)	(4.0, 2.466449038810301)	(5.0, 2.176278563656148)	(6.0, 0.6528835690968444)	(7.0, 1.0155966630395359)	(8.0, 0.0)	(9.0, 0.3264417845484222)	('>10', 16.32208922742111)	('>50', 8.523757707653248)	('>100', 48.67609720710917)	('>500', 0.0)	('>1k', 0.0)	('>5k', 0.0)	('>10k+', 0.0)
Gl-32_S12.R2	(1.0, 21.218715995647443)	(2.0, 4.425099746100834)	(3.0, 2.50272034820457)	(4.0, 1.595937613347842)	(5.0, 0.9067827348567283)	(6.0, 0.4352557127312296)	(7.0, 0.5077983315197679)	(8.0, 0.8705114254624592)	(9.0, 1.3057671381936888)	('>10', 11.244105912223432)	('>50', 13.746826260428001)	('>100', 41.240478781284004)	('>500', 0.0)	('>1k', 0.0)	('>5k', 0.0)	('>10k+', 0.0)
Gl-33_S13.R1	(1.0, 23.238482384823847)	(2.0, 4.471544715447155)	(3.0, 2.4390243902439024)	(4.0, 2.4390243902439024)	(5.0, 1.3550135501355014)	(6.0, 1.6260162601626018)	(7.0, 0.9485094850948509)	(8.0, 1.084010840108401)	(9.0, 0.6097560975609756)	('>10', 10.29810298102981)	('>50', 0.0)	('>100', 51.490514905149055)	('>500', 0.0)	('>1k', 0.0)	('>5k', 0.0)	('>10k+', 0.0)
Gl-33_S13.R2	(1.0, 26.287262872628723)	(2.0, 4.607046070460704)	(3.0, 1.4227642276422763)	(4.0, 1.084010840108401)	(5.0, 2.3712737127371275)	(6.0, 1.6260162601626018)	(7.0, 0.47425474254742545)	(8.0, 0.0)	(9.0, 0.0)	('>10', 8.807588075880759)	('>50', 0.0)	('>100', 53.31978319783198)	('>500', 0.0)	('>1k', 0.0)	('>5k', 0.0)	('>10k+', 0.0)
Gl-34_S14.R1	(1.0, 16.68795232013623)	(2.0, 3.2354193273733505)	(3.0, 1.6602809706257982)	(4.0, 1.362281822051937)	(5.0, 0.6385696040868455)	(6.0, 0.2554278416347382)	(7.0, 0.29799914857386123)	(8.0, 1.0217113665389528)	(9.0, 0.7662835249042145)	('>10', 12.558535547041295)	('>50', 6.811409110259685)	('>100', 31.928480204342275)	('>500', 22.77564921243082)	('>1k', 0.0)	('>5k', 0.0)	('>10k+', 0.0)
Gl-34_S14.R2	(1.0, 17.581949765857814)	(2.0, 3.5759897828863343)	(3.0, 1.7879948914431671)	(4.0, 0.8514261387824607)	(5.0, 0.4257130693912303)	(6.0, 1.0217113665389528)	(7.0, 1.191996594295445)	(8.0, 0.6811409110259685)	(9.0, 0.7662835249042145)	('>10', 10.046828437633035)	('>50', 4.044274159216688)	('>100', 33.88676032354193)	('>500', 24.137931034482758)	('>1k', 0.0)	('>5k', 0.0)	('>10k+', 0.0)
Gl-36_S15.R1	(1.0, 16.474464579901152)	(2.0, 3.844041735310269)	(3.0, 2.471169686985173)	(4.0, 2.6359143327841847)	(5.0, 1.6474464579901154)	(6.0, 1.3179571663920924)	(7.0, 1.1532125205930808)	(8.0, 0.8786381109280615)	(9.0, 0.4942339373970346)	('>10', 11.641954969796815)	('>50', 14.991762767710048)	('>100', 42.44920373421197)	('>500', 0.0)	('>1k', 0.0)	('>5k', 0.0)	('>10k+', 0.0)
Gl-36_S15.R2	(1.0, 17.57276221856123)	(2.0, 4.2833607907743)	(3.0, 2.14168039538715)	(4.0, 2.416254805052169)	(5.0, 1.098297638660077)	(6.0, 0.9884678747940692)	(7.0, 2.3064250411861615)	(8.0, 0.0)	(9.0, 0.9884678747940692)	('>10', 10.323997803404723)	('>50', 14.442613948380012)	('>100', 43.43767160900604)	('>500', 0.0)	('>1k', 0.0)	('>5k', 0.0)	('>10k+', 0.0)
Gl-38_S16.R1	(1.0, 8.711600183402108)	(2.0, 2.353660400427938)	(3.0, 1.5130674002751032)	(4.0, 0.9170105456212746)	(5.0, 0.6877579092159559)	(6.0, 0.6419073819348923)	(7.0, 0.7488919455907076)	(8.0, 0.36680421824850984)	(9.0, 0.6877579092159559)	('>10', 13.327219929695858)	('>50', 9.246523001681187)	('>100', 44.230475317132814)	('>500', 16.567323857557696)	('>1k', 0.0)	('>5k', 0.0)	('>10k+', 0.0)
Gl-38_S16.R2	(1.0, 12.792297111416781)	(2.0, 2.9650007641754548)	(3.0, 1.7881705639614855)	(4.0, 0.7336084364970197)	(5.0, 0.9170105456212746)	(6.0, 0.4585052728106373)	(7.0, 0.9628610729023385)	(8.0, 1.2226807274950329)	(9.0, 0.41265474552957354)	('>10', 11.951704111263945)	('>50', 6.526058383004737)	('>100', 49.457435427174076)	('>500', 9.81201283814764)	('>1k', 0.0)	('>5k', 0.0)	('>10k+', 0.0)
Gl-39_S17.R1	(1.0, 30.32069970845481)	(2.0, 4.373177842565598)	(3.0, 3.9358600583090384)	(4.0, 2.3323615160349855)	(5.0, 0.0)	(6.0, 2.623906705539359)	(7.0, 2.0408163265306123)	(8.0, 0.0)	(9.0, 0.0)	('>10', 5.685131195335277)	('>50', 0.0)	('>100', 48.68804664723032)	('>500', 0.0)	('>1k', 0.0)	('>5k', 0.0)	('>10k+', 0.0)
Gl-39_S17.R2	(1.0, 31.924198250728864)	(2.0, 4.956268221574344)	(3.0, 2.623906705539359)	(4.0, 1.749271137026239)	(5.0, 0.7288629737609329)	(6.0, 0.8746355685131195)	(7.0, 1.0204081632653061)	(8.0, 0.0)	(9.0, 1.3119533527696794)	('>10', 4.518950437317784)	('>50', 0.0)	('>100', 50.29154518950437)	('>500', 0.0)	('>1k', 0.0)	('>5k', 0.0)	('>10k+', 0.0)
Gl-45_S18.R1	(1.0, 17.692307692307693)	(2.0, 4.615384615384616)	(3.0, 1.153846153846154)	(4.0, 2.307692307692308)	(5.0, 1.9230769230769231)	(6.0, 1.153846153846154)	(7.0, 1.3461538461538463)	(8.0, 1.5384615384615385)	(9.0, 0.8653846153846154)	('>10', 12.01923076923077)	('>50', 0.0)	('>100', 55.38461538461539)	('>500', 0.0)	('>1k', 0.0)	('>5k', 0.0)	('>10k+', 0.0)
Gl-45_S18.R2	(1.0, 18.365384615384617)	(2.0, 3.653846153846154)	(3.0, 2.019230769230769)	(4.0, 1.153846153846154)	(5.0, 1.4423076923076923)	(6.0, 1.7307692307692308)	(7.0, 2.019230769230769)	(8.0, 0.0)	(9.0, 0.0)	('>10', 11.057692307692307)	('>50', 0.0)	('>100', 58.557692307692314)	('>500', 0.0)	('>1k', 0.0)	('>5k', 0.0)	('>10k+', 0.0)
Gl-47_S19.R1	(1.0, 8.42654735272185)	(2.0, 2.684563758389262)	(3.0, 2.013422818791946)	(4.0, 0.5965697240865026)	(5.0, 0.7457121551081283)	(6.0, 2.237136465324385)	(7.0, 1.0439970171513795)	(8.0, 0.0)	(9.0, 0.6711409395973155)	('>10', 11.483967188665176)	('>50', 0.0)	('>100', 70.09694258016405)	('>500', 0.0)	('>1k', 0.0)	('>5k', 0.0)	('>10k+', 0.0)
Gl-47_S19.R2	(1.0, 9.47054436987323)	(2.0, 2.237136465324385)	(3.0, 0.8948545861297539)	(4.0, 1.7897091722595078)	(5.0, 1.1185682326621924)	(6.0, 0.44742729306487694)	(7.0, 0.5219985085756897)	(8.0, 0.5965697240865026)	(9.0, 0.0)	('>10', 11.334824757643549)	('>50', 0.0)	('>100', 26.32363907531693)	('>500', 45.26472781506339)	('>1k', 0.0)	('>5k', 0.0)	('>10k+', 0.0)
Gl-51_S20.R1	(1.0, 8.388157894736842)	(2.0, 2.631578947368421)	(3.0, 1.9736842105263157)	(4.0, 0.6578947368421052)	(5.0, 2.7412280701754383)	(6.0, 1.9736842105263157)	(7.0, 1.9188596491228072)	(8.0, 0.43859649122807015)	(9.0, 0.0)	('>10', 8.552631578947368)	('>50', 3.453947368421053)	('>100', 67.26973684210526)	('>500', 0.0)	('>1k', 0.0)	('>5k', 0.0)	('>10k+', 0.0)
Gl-51_S20.R2	(1.0, 13.37719298245614)	(2.0, 2.9605263157894735)	(3.0, 1.151315789473684)	(4.0, 1.3157894736842104)	(5.0, 1.3706140350877192)	(6.0, 0.6578947368421052)	(7.0, 0.3837719298245614)	(8.0, 0.43859649122807015)	(9.0, 1.9736842105263157)	('>10', 10.69078947368421)	('>50', 0.0)	('>100', 65.6798245614035)	('>500', 0.0)	('>1k', 0.0)	('>5k', 0.0)	('>10k+', 0.0)
Gl-52_S21.R1	(1.0, 7.9088759939823765)	(2.0, 2.278100150440576)	(3.0, 1.096067053513862)	(4.0, 0.7736943907156674)	(5.0, 0.3223726627981947)	(6.0, 0.3868471953578337)	(7.0, 1.053084031807436)	(8.0, 1.0315925209542232)	(9.0, 0.3868471953578337)	('>10', 7.629486352890607)	('>50', 11.734364925854287)	('>100', 52.56823554695895)	('>500', 12.83043197936815)	('>1k', 0.0)	('>5k', 0.0)	('>10k+', 0.0)
Gl-52_S21.R2	(1.0, 14.14141414141414)	(2.0, 3.524607779926929)	(3.0, 1.5473887814313347)	(4.0, 1.1175585643670751)	(5.0, 0.4298302170642596)	(6.0, 0.6447453255963894)	(7.0, 0.6017623038899635)	(8.0, 0.17193208682570385)	(9.0, 0.7736943907156674)	('>10', 8.854502471523748)	('>50', 6.1465721040189125)	('>100', 48.957661723619175)	('>500', 13.088330109606705)	('>1k', 0.0)	('>5k', 0.0)	('>10k+', 0.0)
Gl-53_S22.R1	(1.0, 7.416413373860182)	(2.0, 1.9452887537993921)	(3.0, 0.911854103343465)	(4.0, 0.729483282674772)	(5.0, 0.911854103343465)	(6.0, 1.458966565349544)	(7.0, 0.425531914893617)	(8.0, 0.48632218844984804)	(9.0, 0.547112462006079)	('>10', 14.893617021276595)	('>50', 11.914893617021278)	('>100', 58.35866261398176)	('>500', 0.0)	('>1k', 0.0)	('>5k', 0.0)	('>10k+', 0.0)
Gl-53_S22.R2	(1.0, 10.395136778115502)	(2.0, 2.310030395136778)	(3.0, 2.188449848024316)	(4.0, 0.24316109422492402)	(5.0, 0.60790273556231)	(6.0, 0.729483282674772)	(7.0, 0.0)	(8.0, 0.9726443768996961)	(9.0, 0.547112462006079)	('>10', 16.717325227963524)	('>50', 4.316109422492401)	('>100', 27.35562310030395)	('>500', 33.61702127659574)	('>1k', 0.0)	('>5k', 0.0)	('>10k+', 0.0)
Gl-54_S23.R1	(1.0, 11.428571428571429)	(2.0, 2.797619047619048)	(3.0, 1.4285714285714286)	(4.0, 1.3095238095238095)	(5.0, 1.0416666666666665)	(6.0, 0.7142857142857143)	(7.0, 0.20833333333333334)	(8.0, 0.4761904761904762)	(9.0, 0.8035714285714285)	('>10', 15.267857142857144)	('>50', 5.416666666666667)	('>100', 25.148809523809522)	('>500', 33.958333333333336)	('>1k', 0.0)	('>5k', 0.0)	('>10k+', 0.0)
Gl-54_S23.R2	(1.0, 14.017857142857142)	(2.0, 3.273809523809524)	(3.0, 1.607142857142857)	(4.0, 1.1904761904761905)	(5.0, 0.744047619047619)	(6.0, 0.35714285714285715)	(7.0, 0.20833333333333334)	(8.0, 0.7142857142857143)	(9.0, 1.3392857142857142)	('>10', 16.845238095238095)	('>50', 5.386904761904762)	('>100', 22.886904761904763)	('>500', 31.428571428571427)	('>1k', 0.0)	('>5k', 0.0)	('>10k+', 0.0)
Gl-56_S24.R1	(1.0, 6.048962564496652)	(2.0, 2.810407289493907)	(3.0, 1.0209682731364584)	(4.0, 1.0978153474585575)	(5.0, 0.6586892084751345)	(6.0, 0.724558129322648)	(7.0, 0.5379295202546932)	(8.0, 0.7904270501701613)	(9.0, 0.49401690635635087)	('>10', 6.960149302887254)	('>50', 6.850367768141398)	('>100', 42.189043802832366)	('>500', 29.81666483697442)	('>1k', 0.0)	('>5k', 0.0)	('>10k+', 0.0)
Gl-56_S24.R2	(1.0, 11.570973762213196)	(2.0, 2.634756833900538)	(3.0, 1.449116258645296)	(4.0, 1.0099901196618728)	(5.0, 0.5489076737292787)	(6.0, 0.592820287627621)	(7.0, 0.6147765945767922)	(8.0, 0.7026018223734768)	(9.0, 0.2964101438138105)	('>10', 7.498078823141947)	('>50', 7.004061916785596)	('>100', 34.548248984520804)	('>500', 31.529256779009774)	('>1k', 0.0)	('>5k', 0.0)	('>10k+', 0.0)
Gl-61_S25.R1	(1.0, 6.331417624521072)	(2.0, 2.490421455938697)	(3.0, 1.4080459770114941)	(4.0, 0.9195402298850575)	(5.0, 0.7183908045977011)	(6.0, 0.5172413793103449)	(7.0, 0.46934865900383144)	(8.0, 0.38314176245210724)	(9.0, 0.3448275862068966)	('>10', 11.446360153256704)	('>50', 4.157088122605364)	('>100', 32.4712643678161)	('>500', 27.260536398467433)	('>1k', 11.082375478927203)	('>5k', 0.0)	('>10k+', 0.0)
Gl-61_S25.R2	(1.0, 11.954022988505747)	(2.0, 3.3333333333333335)	(3.0, 1.6666666666666667)	(4.0, 1.0727969348659003)	(5.0, 0.8620689655172413)	(6.0, 0.5172413793103449)	(7.0, 0.40229885057471265)	(8.0, 0.9195402298850575)	(9.0, 0.5172413793103449)	('>10', 8.898467432950191)	('>50', 6.235632183908046)	('>100', 33.90804597701149)	('>500', 29.712643678160923)	('>1k', 0.0)	('>5k', 0.0)	('>10k+', 0.0)
Gl-62_S26.R1	(1.0, 6.595653109533033)	(2.0, 1.6139444803098775)	(3.0, 0.8715300193673339)	(4.0, 1.0329244673983213)	(5.0, 0.6455777921239509)	(6.0, 0.7101355713363461)	(7.0, 0.7531740908112761)	(8.0, 0.25823111684958033)	(9.0, 0.48418334409296315)	('>10', 9.382397245534754)	('>50', 6.617172369270497)	('>100', 47.52528513019152)	('>500', 23.509791263180546)	('>1k', 0.0)	('>5k', 0.0)	('>10k+', 0.0)
Gl-62_S26.R2	(1.0, 10.748870238863784)	(2.0, 2.4531956100710137)	(3.0, 1.3879922530664945)	(4.0, 0.8607703894986012)	(5.0, 0.6455777921239509)	(6.0, 0.7101355713363461)	(7.0, 0.22595222724338285)	(8.0, 0.8607703894986012)	(9.0, 0.8715300193673339)	('>10', 8.919733161179256)	('>50', 8.3387131482677)	('>100', 36.59350118355928)	('>500', 27.38325801592425)	('>1k', 0.0)	('>5k', 0.0)	('>10k+', 0.0)
Gl-63_S27.R1	(1.0, 15.917503966155474)	(2.0, 4.970914859862507)	(3.0, 3.0142781597038604)	(4.0, 1.269169751454257)	(5.0, 2.379693283976732)	(6.0, 1.269169751454257)	(7.0, 1.4806980433633)	(8.0, 2.1152829190904283)	(9.0, 2.379693283976732)	('>10', 26.38815441565309)	('>50', 3.4902168164992067)	('>100', 35.32522474881015)	('>500', 0.0)	('>1k', 0.0)	('>5k', 0.0)	('>10k+', 0.0)
Gl-63_S27.R2	(1.0, 20.25383395029085)	(2.0, 4.019037546271814)	(3.0, 2.22104706504495)	(4.0, 3.172924378635643)	(5.0, 1.5864621893178215)	(6.0, 0.6345848757271285)	(7.0, 1.8508725542041249)	(8.0, 0.8461131676361713)	(9.0, 0.47593865679534636)	('>10', 26.705446853516655)	('>50', 3.860391327340032)	('>100', 34.37334743521946)	('>500', 0.0)	('>1k', 0.0)	('>5k', 0.0)	('>10k+', 0.0)
Gl-64_S28.R1	(1.0, 7.0978682170542635)	(2.0, 1.8410852713178296)	(3.0, 1.308139534883721)	(4.0, 1.4534883720930232)	(5.0, 0.8478682170542635)	(6.0, 0.436046511627907)	(7.0, 0.8478682170542635)	(8.0, 0.3875968992248062)	(9.0, 0.2180232558139535)	('>10', 8.11531007751938)	('>50', 8.551356589147288)	('>100', 68.8953488372093)	('>500', 0.0)	('>1k', 0.0)	('>5k', 0.0)	('>10k+', 0.0)
Gl-64_S28.R2	(1.0, 13.323643410852712)	(2.0, 1.8410852713178296)	(3.0, 1.308139534883721)	(4.0, 0.6782945736434108)	(5.0, 1.4534883720930232)	(6.0, 0.872093023255814)	(7.0, 0.5087209302325582)	(8.0, 0.0)	(9.0, 0.2180232558139535)	('>10', 10.247093023255815)	('>50', 8.842054263565892)	('>100', 48.037790697674424)	('>500', 12.669573643410853)	('>1k', 0.0)	('>5k', 0.0)	('>10k+', 0.0)
Gl-66_S29.R1	(1.0, 5.889061217042241)	(2.0, 1.9706231183286196)	(3.0, 1.1221603868260195)	(4.0, 0.8028464556153636)	(5.0, 0.6842441383085485)	(6.0, 0.4926557795821549)	(7.0, 0.5747650761791807)	(8.0, 0.32843718638810326)	(9.0, 0.20527324149256454)	('>10', 6.559620472584618)	('>50', 5.332542651217954)	('>100', 37.28674391022717)	('>500', 32.889334914697564)	('>1k', 5.861691451509899)	('>5k', 0.0)	('>10k+', 0.0)
Gl-66_S29.R2	(1.0, 10.966152723291671)	(2.0, 2.6183742359273787)	(3.0, 1.710610345771371)	(4.0, 0.8940790073898367)	(5.0, 0.8439011039138765)	(6.0, 0.46528601404981296)	(7.0, 0.35124532433172156)	(8.0, 0.437916248517471)	(9.0, 0.12316394489553872)	('>10', 6.130827479244594)	('>50', 6.34978560350333)	('>100', 30.544658334093604)	('>500', 28.177173615546025)	('>1k', 10.386826019523767)	('>5k', 0.0)	('>10k+', 0.0)
Gl-67_S30.R1	(1.0, 17.442834909613314)	(2.0, 3.830958936908895)	(3.0, 2.334490602178858)	(4.0, 1.4844965880521968)	(5.0, 1.6760445348976416)	(6.0, 0.5028133604692925)	(7.0, 1.089428947683467)	(8.0, 1.0535137076499461)	(9.0, 1.1852029211061894)	('>10', 18.005507003471806)	('>50', 9.038668741769424)	('>100', 42.356039746198974)	('>500', 0.0)	('>1k', 0.0)	('>5k', 0.0)	('>10k+', 0.0)
Gl-67_S30.R2	(1.0, 22.93786663474201)	(2.0, 3.830958936908895)	(3.0, 2.226744882078295)	(4.0, 1.4366096013408356)	(5.0, 1.4366096013408356)	(6.0, 1.0774572010056267)	(7.0, 1.089428947683467)	(8.0, 1.1492876810726684)	(9.0, 1.1852029211061894)	('>10', 19.32239913803424)	('>50', 4.525320244223632)	('>100', 39.782114210463305)	('>500', 0.0)	('>1k', 0.0)	('>5k', 0.0)	('>10k+', 0.0)
Gl-69_S31.R1	(1.0, 5.015279525435916)	(2.0, 1.8575109353466357)	(3.0, 1.0785547366528851)	(4.0, 0.5991970759182695)	(5.0, 0.5093175145305291)	(6.0, 0.3954700701060579)	(7.0, 0.16777518125711546)	(8.0, 0.3355503625142309)	(9.0, 0.21571094733057705)	('>10', 7.35814009227635)	('>50', 7.717658337827311)	('>100', 26.202888129905926)	('>500', 19.875367008209)	('>1k', 28.671580082689196)	('>5k', 0.0)	('>10k+', 0.0)
Gl-69_S31.R2	(1.0, 10.168374378333034)	(2.0, 2.360836479117982)	(3.0, 1.4021211576487507)	(4.0, 1.198394151836539)	(5.0, 0.4493978069387021)	(6.0, 0.5392773683264426)	(7.0, 0.3355503625142309)	(8.0, 0.3834861285876925)	(9.0, 0.5392773683264426)	('>10', 7.292228413925341)	('>50', 7.561867098088561)	('>100', 17.826113008568516)	('>500', 21.996524656959675)	('>1k', 27.946551620828092)	('>5k', 0.0)	('>10k+', 0.0)
Gl-70_S32.R1	(1.0, 4.200888649522015)	(2.0, 1.6965127238454287)	(3.0, 0.9290426821058301)	(4.0, 0.6283380458686774)	(5.0, 0.49369417889681794)	(6.0, 0.43086037430995017)	(7.0, 0.3770028275212064)	(8.0, 0.1436201247699834)	(9.0, 0.3635384408240205)	('>10', 6.7277052196939096)	('>50', 4.856155468785063)	('>100', 18.746914411381894)	('>500', 28.858668820968536)	('>1k', 31.547058031506666)	('>5k', 0.0)	('>10k+', 0.0)
Gl-70_S32.R2	(1.0, 10.116242538485706)	(2.0, 2.4774471522822137)	(3.0, 1.2656523495354786)	(4.0, 1.2387235761411068)	(5.0, 0.6732193348592972)	(6.0, 0.700148108253669)	(7.0, 0.47125353440150797)	(8.0, 0.3231452807324626)	(9.0, 0.1615726403662313)	('>10', 6.310309232081146)	('>50', 4.0976616848435885)	('>100', 22.552847717786456)	('>500', 12.809119877922894)	('>1k', 36.80265697230824)	('>5k', 0.0)	('>10k+', 0.0)
Gl-71_S33.R1	(1.0, 6.145536822129771)	(2.0, 1.7954893803372018)	(3.0, 0.9196409021239326)	(4.0, 0.6130939347492883)	(5.0, 0.5838989854755127)	(6.0, 0.5255090869279615)	(7.0, 0.7152762572075031)	(8.0, 0.46711918838041017)	(9.0, 0.5255090869279615)	('>10', 8.656302459674476)	('>50', 8.838770892635575)	('>100', 53.60192686665207)	('>500', 16.611926136778337)	('>1k', 0.0)	('>5k', 0.0)	('>10k+', 0.0)
Gl-71_S33.R2	(1.0, 12.21078753375666)	(2.0, 2.6129479600029195)	(3.0, 1.3356689292752353)	(4.0, 0.5838989854755127)	(5.0, 0.7663674184366105)	(6.0, 0.5693015108386249)	(7.0, 0.30654696737464415)	(8.0, 0.29194949273775633)	(9.0, 0.5255090869279615)	('>10', 10.218232245821472)	('>50', 7.999416101014524)	('>100', 44.18655572585943)	('>500', 18.392818042478652)	('>1k', 0.0)	('>5k', 0.0)	('>10k+', 0.0)
Gl-72_S34.R1	(1.0, 4.189696012633242)	(2.0, 1.8851164626924595)	(3.0, 1.3176075799447295)	(4.0, 0.8685353335965259)	(5.0, 0.5675088827477299)	(6.0, 0.44413738649822343)	(7.0, 0.2763521515988946)	(8.0, 0.3947887879984209)	(9.0, 0.26648243189893406)	('>10', 5.132254243979471)	('>50', 2.166403474141334)	('>100', 27.26016581129096)	('>500', 22.843466245558627)	('>1k', 32.38748519542045)	('>5k', 0.0)	('>10k+', 0.0)
Gl-72_S34.R2	(1.0, 10.210225029609159)	(2.0, 2.8326095538886693)	(3.0, 1.9245953414923016)	(4.0, 0.9869719699960521)	(5.0, 0.8389261744966443)	(6.0, 0.5033557046979865)	(7.0, 0.3799842084484801)	(8.0, 0.35530990919857874)	(9.0, 0.3108961705487564)	('>10', 6.484405842874062)	('>50', 1.2978681405448085)	('>100', 26.618634030793526)	('>500', 10.674101855507304)	('>1k', 36.58211606790367)	('>5k', 0.0)	('>10k+', 0.0)
Gl-73_S35.R1	(1.0, 3.9131543167912985)	(2.0, 1.8014955812372537)	(3.0, 1.0834466349422163)	(4.0, 0.7817811012916385)	(5.0, 0.6585656016315431)	(6.0, 0.45887151597552683)	(7.0, 0.3569000679809653)	(8.0, 0.4758667573079538)	(9.0, 0.34415363698164514)	('>10', 4.597212780421482)	('>50', 2.2433718558803535)	('>100', 19.591264445955133)	('>500', 27.782970768184907)	('>1k', 35.91094493541808)	('>5k', 0.0)	('>10k+', 0.0)
Gl-73_S35.R2	(1.0, 9.011726716519375)	(2.0, 2.515295717199184)	(3.0, 1.6442895989123048)	(4.0, 1.1726716519374574)	(5.0, 0.913494221617947)	(6.0, 0.3823929299796057)	(7.0, 0.26767505098572403)	(8.0, 0.3399048266485384)	(9.0, 0.30591434398368456)	('>10', 5.61267845003399)	('>50', 1.6825288919102652)	('>100', 23.126274643099933)	('>500', 15.81407205982325)	('>1k', 37.211080897348744)	('>5k', 0.0)	('>10k+', 0.0)
Gl-75_S36.R1	(1.0, 3.2952322108948615)	(2.0, 1.4691243606906257)	(3.0, 0.7826176500875297)	(4.0, 0.535475234270415)	(5.0, 0.4119040263618577)	(6.0, 0.2883328184533004)	(7.0, 0.24027734871108364)	(8.0, 0.2471424158171146)	(9.0, 0.18535681186283595)	('>10', 3.5320770260529293)	('>50', 2.3100950811794188)	('>100', 21.020835478666804)	('>500', 14.828544949026876)	('>1k', 4.46572615247314)	('>5k', 46.38725843545121)	('>10k+', 0.0)
Gl-75_S36.R2	(1.0, 6.847904438265884)	(2.0, 1.8672982528404214)	(3.0, 1.1945216764493873)	(4.0, 0.8649984553599012)	(5.0, 0.6178560395427866)	(6.0, 0.6178560395427866)	(7.0, 0.31236055332440876)	(8.0, 0.46682456321010535)	(9.0, 0.2162496138399753)	('>10', 4.191123468231902)	('>50', 2.385610819345759)	('>100', 19.150104692273366)	('>500', 10.222084920880102)	('>1k', 8.018398379844163)	('>5k', 43.02680808704905)	('>10k+', 0.0)
Gl-79_S37.R1	(1.0, 5.025125628140704)	(2.0, 2.1552205471803463)	(3.0, 1.407035175879397)	(4.0, 0.9156895589056394)	(5.0, 1.0050251256281406)	(6.0, 0.5695142378559465)	(7.0, 0.3126744835287549)	(8.0, 0.4020100502512563)	(9.0, 0.7035175879396985)	('>10', 7.426018983807929)	('>50', 2.1049692908989392)	('>100', 26.638749302065882)	('>500', 22.261306532663315)	('>1k', 29.07314349525405)	('>5k', 0.0)	('>10k+', 0.0)
Gl-79_S37.R2	(1.0, 9.826912339475154)	(2.0, 2.8587381351200447)	(3.0, 1.8592964824120601)	(4.0, 1.3623673925181463)	(5.0, 0.7816862088218872)	(6.0, 0.7705192629815745)	(7.0, 0.42992741485203795)	(8.0, 0.446677833612507)	(9.0, 0.7035175879396985)	('>10', 6.393076493579006)	('>50', 3.6348408710217757)	('>100', 16.560580681183694)	('>500', 17.72752652149637)	('>1k', 36.64433277498604)	('>5k', 0.0)	('>10k+', 0.0)
Gl-7_S1.R1	(1.0, 4.774229074889868)	(2.0, 2.059471365638766)	(3.0, 1.172907488986784)	(4.0, 0.9251101321585903)	(5.0, 0.6332599118942731)	(6.0, 0.29735682819383263)	(7.0, 0.46255506607929514)	(8.0, 0.22026431718061676)	(9.0, 0.14867841409691632)	('>10', 6.547356828193833)	('>50', 0.776431718061674)	('>100', 24.12444933920705)	('>500', 35.70484581497798)	('>1k', 22.15308370044053)	('>5k', 0.0)	('>10k+', 0.0)
Gl-7_S1.R2	(1.0, 9.972466960352424)	(2.0, 2.8303964757709252)	(3.0, 1.751101321585903)	(4.0, 1.1674008810572687)	(5.0, 0.6607929515418502)	(6.0, 0.4295154185022026)	(7.0, 0.46255506607929514)	(8.0, 0.30837004405286345)	(9.0, 0.24779735682819384)	('>10', 5.600220264317181)	('>50', 2.4174008810572687)	('>100', 22.8579295154185)	('>500', 14.28964757709251)	('>1k', 37.00440528634361)	('>5k', 0.0)	('>10k+', 0.0)
Gl-80_S38.R1	(1.0, 3.683319220999153)	(2.0, 1.7005362686988428)	(3.0, 1.1430990685859441)	(4.0, 0.91730172170477)	(5.0, 0.7056167090036692)	(6.0, 0.6350550381033023)	(7.0, 0.5680214507479537)	(8.0, 0.1693480101608806)	(9.0, 0.22226926333615582)	('>10', 4.226644086931978)	('>50', 2.3814563928873835)	('>100', 16.843070843917584)	('>500', 20.11713237369461)	('>1k', 46.68712955122778)	('>5k', 0.0)	('>10k+', 0.0)
Gl-80_S38.R2	(1.0, 8.181625740897545)	(2.0, 2.3214789726220717)	(3.0, 1.6934801016088061)	(4.0, 1.1572114027660174)	(5.0, 0.6879762912785775)	(6.0, 0.6562235393734124)	(7.0, 0.49393169630256845)	(8.0, 0.31047135196161446)	(9.0, 0.4127857747671465)	('>10', 4.50183460344341)	('>50', 3.429297205757832)	('>100', 17.51340671747107)	('>500', 9.374117979113745)	('>1k', 49.26615862263618)	('>5k', 0.0)	('>10k+', 0.0)
Gl-85_S39.R1	(1.0, 2.568931978880415)	(2.0, 0.988050761107852)	(3.0, 0.8058789020285917)	(4.0, 0.4816747460400778)	(5.0, 0.46314879426930555)	(6.0, 0.44462284249853334)	(7.0, 0.32420415598851393)	(8.0, 0.22231142124926667)	(9.0, 0.13894463828079168)	('>10', 4.159076172538364)	('>50', 2.1088708432395715)	('>100', 22.299070614752832)	('>500', 2.6800876895050485)	('>1k', 0.0)	('>5k', 22.604748818970574)	('>10k+', 39.71037762065026)
Gl-85_S39.R2	(1.0, 6.474820143884892)	(2.0, 1.5314786797171704)	(3.0, 0.83366782968475)	(4.0, 0.6422329947201038)	(5.0, 0.6484083119770279)	(6.0, 0.5557785531231667)	(7.0, 0.3458177663877482)	(8.0, 0.494025380553926)	(9.0, 0.3056782042177417)	('>10', 5.601012752030136)	('>50', 3.8225213820360024)	('>100', 15.120264303578596)	('>500', 6.814462593015716)	('>1k', 0.0)	('>5k', 19.970976008892457)	('>10k+', 36.838855096180566)
Gl-86_S40.R1	(1.0, 17.058222676200206)	(2.0, 5.583929179434797)	(3.0, 2.0429009193054135)	(4.0, 2.3152877085461356)	(5.0, 1.7024174327545116)	(6.0, 2.4514811031664965)	(7.0, 0.9533537623425264)	(8.0, 1.906707524685053)	(9.0, 0.9193054136874361)	('>10', 20.667347633639768)	('>50', 18.147769833163093)	('>100', 26.251276813074565)	('>500', 0.0)	('>1k', 0.0)	('>5k', 0.0)	('>10k+', 0.0)
Gl-86_S40.R2	(1.0, 21.586653047327204)	(2.0, 5.583929179434797)	(3.0, 2.247191011235955)	(4.0, 2.723867892407218)	(5.0, 1.0214504596527068)	(6.0, 0.40858018386108275)	(7.0, 0.4766768811712632)	(8.0, 0.8171603677221655)	(9.0, 1.5321756894790604)	('>10', 19.169220292815798)	('>50', 18.726591760299627)	('>100', 25.70650323459312)	('>500', 0.0)	('>1k', 0.0)	('>5k', 0.0)	('>10k+', 0.0)
Gl-88_S41.R1	(1.0, 8.030812820966885)	(2.0, 2.7271117407472993)	(3.0, 1.4078271648663008)	(4.0, 1.0270940322295024)	(5.0, 0.7526120063750664)	(6.0, 0.8500088542588985)	(7.0, 0.49583849831769083)	(8.0, 0.9208429254471401)	(9.0, 0.23906499026031522)	('>10', 14.760049583849833)	('>50', 6.463608995927041)	('>100', 35.19567912165752)	('>500', 6.1625641933770146)	('>1k', 20.966885071719496)	('>5k', 0.0)	('>10k+', 0.0)
Gl-88_S41.R2	(1.0, 14.025146095271825)	(2.0, 3.3292013458473524)	(3.0, 1.6203293784310253)	(4.0, 1.558349566141314)	(5.0, 0.7968833008677173)	(6.0, 0.637506640694174)	(7.0, 0.7437577474765362)	(8.0, 0.637506640694174)	(9.0, 0.318753320347087)	('>10', 14.751195324951302)	('>50', 5.383389410306357)	('>100', 33.49566141313972)	('>500', 13.343368160085001)	('>1k', 9.358951655746415)	('>5k', 0.0)	('>10k+', 0.0)
I10_S77.R1	(1.0, 3.6847730124064864)	(2.0, 1.9144091817294733)	(3.0, 1.0594303238697085)	(4.0, 0.8549788578597648)	(5.0, 0.5808280284373403)	(6.0, 0.27879745364992337)	(7.0, 0.2927373263324195)	(8.0, 0.14869197527995912)	(9.0, 0.167278472189954)	('>10', 5.222805631708564)	('>50', 1.89117606059198)	('>100', 20.62636494586683)	('>500', 11.421402351191858)	('>1k', 51.85632637888574)	('>5k', 0.0)	('>10k+', 0.0)
I10_S77.R2	(1.0, 8.786766414200084)	(2.0, 2.360485107569351)	(3.0, 1.4636866316620973)	(4.0, 1.338227777519632)	(5.0, 0.8828586032247572)	(6.0, 0.585474652664839)	(7.0, 0.39031643510989267)	(8.0, 0.1858649690999489)	(9.0, 0.334556944379908)	('>10', 5.334324613168533)	('>50', 2.862320524139213)	('>100', 14.590400074345988)	('>500', 18.284466335207473)	('>1k', 42.60025091770828)	('>5k', 0.0)	('>10k+', 0.0)
I111_S52.R1	(1.0, 5.328166626301768)	(2.0, 3.196899975781061)	(3.0, 1.9132961976265441)	(4.0, 1.6468878663114555)	(5.0, 1.2109469605231291)	(6.0, 0.7750060547348026)	(7.0, 0.39557600710422214)	(8.0, 0.32291918947283443)	(9.0, 0.5085977234197142)	('>10', 8.048760797610397)	('>50', 7.451360297085655)	('>100', 4.0768547670945345)	('>500', 0.0)	('>1k', 65.12472753693388)	('>5k', 0.0)	('>10k+', 0.0)
I111_S52.R2	(1.0, 10.026640833131509)	(2.0, 3.3906514894647612)	(3.0, 2.3492371034148705)	(4.0, 2.195850488415274)	(5.0, 1.2513118592072334)	(6.0, 1.6468878663114555)	(7.0, 0.8476628723661903)	(8.0, 0.9041737305239365)	(9.0, 0.9445386292080407)	('>10', 11.269879712601922)	('>50', 4.59352547025107)	('>100', 4.916444659723904)	('>500', 0.0)	('>1k', 55.66319528537983)	('>5k', 0.0)	('>10k+', 0.0)
I113_S59.R1	(1.0, 1.8439872373198372)	(2.0, 0.7525580371878094)	(3.0, 0.48190119925184294)	(4.0, 0.41368687424359113)	(5.0, 0.30806469358565297)	(6.0, 0.3300693145560568)	(7.0, 0.23104852018923974)	(8.0, 0.31686654197381453)	(9.0, 0.11882495324018044)	('>10', 3.734184178677522)	('>50', 1.9804158873363404)	('>100', 11.063923423919023)	('>500', 8.302343492133348)	('>1k', 0.0)	('>5k', 0.0)	('>10k+', 70.12212564638574)
I113_S59.R2	(1.0, 4.739795357024975)	(2.0, 1.0298162614148971)	(3.0, 0.6271316976565079)	(4.0, 0.4488942677962372)	(5.0, 0.4400924194080757)	(6.0, 0.31686654197381453)	(7.0, 0.33887116294421826)	(8.0, 0.42248872263175263)	(9.0, 0.3366707008471779)	('>10', 5.437341841786775)	('>50', 2.123445923643965)	('>100', 13.84090659038398)	('>500', 4.086258114203982)	('>1k', 0.0)	('>5k', 0.0)	('>10k+', 65.81142039828364)
I117_S53.R1	(1.0, 1.6812459995732876)	(2.0, 0.5333902282910177)	(3.0, 0.33923618519308724)	(4.0, 0.40964369532750167)	(5.0, 0.22402389588222746)	(6.0, 0.2944314060166418)	(7.0, 0.3883080861958609)	(8.0, 0.17068487305312569)	(9.0, 0.21122253040324301)	('>10', 4.4335395775549395)	('>50', 1.6684446340943033)	('>100', 7.727757627480264)	('>500', 3.161937273309153)	('>1k', 0.0)	('>5k', 0.0)	('>10k+', 78.75613398762535)
I117_S53.R2	(1.0, 5.169618092596544)	(2.0, 0.9302325581395349)	(3.0, 0.49285257094090035)	(4.0, 0.4011094516748453)	(5.0, 0.34136974610625137)	(6.0, 0.3840409643695327)	(7.0, 0.4480477917644549)	(8.0, 0.30723277149562617)	(9.0, 0.3456368679325795)	('>10', 6.58843609985065)	('>50', 2.003413697461063)	('>100', 8.497973117132494)	('>500', 2.6136121186259866)	('>1k', 0.0)	('>5k', 0.0)	('>10k+', 71.47642415190954)
I11_S78.R1	(1.0, 2.604766167881656)	(2.0, 1.2448309673018714)	(3.0, 0.837703031078143)	(4.0, 0.6735729206633414)	(5.0, 0.5328899688792258)	(6.0, 0.3197339813275355)	(7.0, 0.3133393017009848)	(8.0, 0.34104958008270453)	(9.0, 0.1918403887965213)	('>10', 4.68090548663512)	('>50', 1.4920919128618322)	('>100', 12.345994798993903)	('>500', 4.399539583066888)	('>1k', 29.68623438632391)	('>5k', 40.33550752440636)	('>10k+', 0.0)
I11_S78.R2	(1.0, 7.402907447670206)	(2.0, 1.8160890139404016)	(3.0, 1.1766210512853306)	(4.0, 0.9208338662233022)	(5.0, 0.8206505520740077)	(6.0, 0.5243637293771582)	(7.0, 0.37302297821545805)	(8.0, 0.35810205908683973)	(9.0, 0.3836807775930426)	('>10', 5.4567932813232725)	('>50', 2.314874024811357)	('>100', 10.576800102314875)	('>500', 6.940358954683037)	('>1k', 25.241932045871167)	('>5k', 35.69297011553055)	('>10k+', 0.0)
I13_S67.R1	(1.0, 2.9169008667869716)	(2.0, 1.4436588468479128)	(3.0, 1.038369375499216)	(4.0, 0.8164955773156228)	(5.0, 0.5916634618229152)	(6.0, 0.3549980770937491)	(7.0, 0.37274798094843653)	(8.0, 0.16566576931041624)	(9.0, 0.292873413602343)	('>10', 3.393189953554418)	('>50', 3.69198000177499)	('>100', 12.682306304174185)	('>500', 5.8781764932106615)	('>1k', 66.36097387805816)	('>5k', 0.0)	('>10k+', 0.0)
I13_S67.R2	(1.0, 7.792207792207792)	(2.0, 2.2424045203088485)	(3.0, 1.42886726030234)	(4.0, 1.171493654409372)	(5.0, 0.8727036061887998)	(6.0, 0.5502470194953111)	(7.0, 0.4762890867674467)	(8.0, 0.3786646155666657)	(9.0, 0.2662485578203118)	('>10', 4.24814365588853)	('>50', 2.8961926456231692)	('>100', 11.209064284235128)	('>500', 4.180102357778895)	('>1k', 62.287370943407396)	('>5k', 0.0)	('>10k+', 0.0)
I14_S68.R1	(1.0, 14.31503335043612)	(2.0, 4.207285787583376)	(3.0, 3.23242688558235)	(4.0, 2.052334530528476)	(5.0, 2.052334530528476)	(6.0, 1.539250897896357)	(7.0, 0.7183170856849667)	(8.0, 1.2314007183170856)	(9.0, 0.9235505387378143)	('>10', 21.03642893791688)	('>50', 3.23242688558235)	('>100', 45.45920985120574)	('>500', 0.0)	('>1k', 0.0)	('>5k', 0.0)	('>10k+', 0.0)
I14_S68.R2	(1.0, 17.957927142124166)	(2.0, 4.4125192406362235)	(3.0, 2.9245767060030783)	(4.0, 2.2575679835813234)	(5.0, 1.2827090815802977)	(6.0, 1.8471010774756287)	(7.0, 0.7183170856849667)	(8.0, 1.6418676244227808)	(9.0, 0.46177526936890717)	('>10', 22.93483837865572)	('>50', 0.0)	('>100', 16.572601334017445)	('>500', 26.988199076449458)	('>1k', 0.0)	('>5k', 0.0)	('>10k+', 0.0)
I15_S69.R1	(1.0, 3.382310154204248)	(2.0, 1.7311608961303464)	(3.0, 0.9928716904276985)	(4.0, 0.8583066627873145)	(5.0, 0.6182717486179808)	(6.0, 0.6764620308408495)	(7.0, 0.2545824847250509)	(8.0, 0.46552225778295026)	(9.0, 0.42551643875472794)	('>10', 4.451556590049462)	('>50', 3.302298516147803)	('>100', 15.071283095723015)	('>500', 6.459121326738434)	('>1k', 61.31073610707012)	('>5k', 0.0)	('>10k+', 0.0)
I15_S69.R2	(1.0, 8.241198719813791)	(2.0, 2.153040442246145)	(3.0, 1.898457957521094)	(4.0, 1.411114343904568)	(5.0, 0.9274076229269712)	(6.0, 0.6546406750072737)	(7.0, 0.7128309572301426)	(8.0, 0.43642711667151585)	(9.0, 0.2945883037532732)	('>10', 5.266220541169625)	('>50', 2.9749781786441662)	('>100', 13.28556881000873)	('>500', 11.674425370963048)	('>1k', 50.06910096013966)	('>5k', 0.0)	('>10k+', 0.0)
I16_S70.R1	(1.0, 4.966799468791501)	(2.0, 1.5405046480743692)	(3.0, 0.9163346613545816)	(4.0, 0.6905710491367862)	(5.0, 0.9960159362549801)	(6.0, 0.398406374501992)	(7.0, 0.37184594953519257)	(8.0, 0.10624169986719788)	(9.0, 0.7171314741035857)	('>10', 6.706507304116865)	('>50', 5.365205843293492)	('>100', 40.504648074369186)	('>500', 36.71978751660026)	('>1k', 0.0)	('>5k', 0.0)	('>10k+', 0.0)
I16_S70.R2	(1.0, 10.730411686586985)	(2.0, 2.443559096945551)	(3.0, 1.1553784860557768)	(4.0, 0.6905710491367862)	(5.0, 0.5312084993359893)	(6.0, 0.7171314741035857)	(7.0, 0.37184594953519257)	(8.0, 0.21248339973439576)	(9.0, 0.0)	('>10', 6.719787516600266)	('>50', 6.97211155378486)	('>100', 34.48871181938911)	('>500', 34.9667994687915)	('>1k', 0.0)	('>5k', 0.0)	('>10k+', 0.0)
I17_S71.R1	(1.0, 6.00442722744881)	(2.0, 2.102933038184837)	(3.0, 0.9546209186496957)	(4.0, 0.774764803541782)	(5.0, 0.2767017155506364)	(6.0, 0.5810736026563365)	(7.0, 0.774764803541782)	(8.0, 0.774764803541782)	(9.0, 0.7470946319867183)	('>10', 7.318760376314333)	('>50', 5.70005534034311)	('>100', 47.108467072495856)	('>500', 26.881571665744325)	('>1k', 0.0)	('>5k', 0.0)	('>10k+', 0.0)
I17_S71.R2	(1.0, 12.479247371333702)	(2.0, 3.0437188710570005)	(3.0, 1.5771997786386276)	(4.0, 0.996126175982291)	(5.0, 0.48422800221361373)	(6.0, 0.4980630879911455)	(7.0, 0.774764803541782)	(8.0, 0.44272274488101826)	(9.0, 0.37354731599335916)	('>10', 7.98284449363586)	('>50', 6.059767570558938)	('>100', 55.99059214167128)	('>500', 9.297177642501383)	('>1k', 0.0)	('>5k', 0.0)	('>10k+', 0.0)
I18_S72.R1	(1.0, 5.973788479122219)	(2.0, 2.011581834806462)	(3.0, 2.011581834806462)	(4.0, 0.731484303565986)	(5.0, 1.0667479427003963)	(6.0, 0.5486132276744895)	(7.0, 0.8533983541603171)	(8.0, 0.0)	(9.0, 0.5486132276744895)	('>10', 12.374276135324596)	('>50', 1.7982322462663822)	('>100', 13.288631514782079)	('>500', 27.125876257238644)	('>1k', 31.667174641877477)	('>5k', 0.0)	('>10k+', 0.0)
I18_S72.R2	(1.0, 11.124657116732703)	(2.0, 3.047851264858275)	(3.0, 1.3715330691862238)	(4.0, 1.462968607131972)	(5.0, 0.9143553794574825)	(6.0, 1.462968607131972)	(7.0, 0.21334958854007927)	(8.0, 0.731484303565986)	(9.0, 0.27430661383724475)	('>10', 11.825662907650107)	('>50', 0.0)	('>100', 14.507772020725387)	('>500', 53.063090521182566)	('>1k', 0.0)	('>5k', 0.0)	('>10k+', 0.0)
I19_S73.R1	(1.0, 13.932107496463933)	(2.0, 3.818953323903819)	(3.0, 1.0608203677510608)	(4.0, 2.828854314002829)	(5.0, 1.0608203677510608)	(6.0, 0.0)	(7.0, 0.9900990099009901)	(8.0, 1.1315417256011315)	(9.0, 0.6364922206506365)	('>10', 6.789250353606789)	('>50', 0.0)	('>100', 67.75106082036774)	('>500', 0.0)	('>1k', 0.0)	('>5k', 0.0)	('>10k+', 0.0)
I19_S73.R2	(1.0, 20.509193776520508)	(2.0, 3.818953323903819)	(3.0, 1.9094766619519095)	(4.0, 1.9801980198019802)	(5.0, 1.0608203677510608)	(6.0, 0.8486562942008486)	(7.0, 0.0)	(8.0, 0.0)	(9.0, 0.6364922206506365)	('>10', 6.364922206506366)	('>50', 0.0)	('>100', 62.87128712871287)	('>500', 0.0)	('>1k', 0.0)	('>5k', 0.0)	('>10k+', 0.0)
I24_S49.R1	(1.0, 3.467062902426944)	(2.0, 1.719380174060709)	(3.0, 1.220547654425812)	(4.0, 0.7217151347909149)	(5.0, 0.7960093398429208)	(6.0, 0.5306728932286139)	(7.0, 0.3714710252600297)	(8.0, 0.36793320597183893)	(9.0, 0.25472298874973465)	('>10', 4.528408688884172)	('>50', 2.041321729286068)	('>100', 17.60772659732541)	('>500', 7.422344866624213)	('>1k', 58.950682799122625)	('>5k', 0.0)	('>10k+', 0.0)
I24_S49.R2	(1.0, 8.519068845963348)	(2.0, 2.2571287058657044)	(3.0, 1.7299936319252813)	(4.0, 1.2311611122903843)	(5.0, 0.9375221113705512)	(6.0, 0.573126724686903)	(7.0, 0.396235760277365)	(8.0, 0.25472298874973465)	(9.0, 0.25472298874973465)	('>10', 4.4328875681030215)	('>50', 2.579070261091063)	('>100', 15.746833651737068)	('>500', 1.9174980541993916)	('>1k', 59.17002759499045)	('>5k', 0.0)	('>10k+', 0.0)
I28_S74.R1	(1.0, 13.260366238686592)	(2.0, 4.588507682593138)	(3.0, 2.6520732477373183)	(4.0, 1.8522416333403495)	(5.0, 2.1048200378867605)	(6.0, 1.0103136181856451)	(7.0, 1.3260366238686592)	(8.0, 1.5154704272784676)	(9.0, 0.5683014102294254)	('>10', 17.848873921279733)	('>50', 10.797726794359082)	('>100', 42.47526836455483)	('>500', 0.0)	('>1k', 0.0)	('>5k', 0.0)	('>10k+', 0.0)
I28_S74.R2	(1.0, 20.1431277625763)	(2.0, 4.293832877288992)	(3.0, 2.6520732477373183)	(4.0, 1.8522416333403495)	(5.0, 1.7890970322037465)	(6.0, 1.6417596295516732)	(7.0, 0.5893496106082929)	(8.0, 1.5154704272784676)	(9.0, 0.9471690170490423)	('>10', 16.54388549778994)	('>50', 2.1679646390233636)	('>100', 45.864028625552514)	('>500', 0.0)	('>1k', 0.0)	('>5k', 0.0)	('>10k+', 0.0)
I29_S75.R1	(1.0, 3.848909816767325)	(2.0, 1.8220902855972978)	(3.0, 1.366567714197973)	(4.0, 0.9827003787491043)	(5.0, 0.588596581021599)	(6.0, 0.3685126420309141)	(7.0, 0.7165523595045552)	(8.0, 0.16378339645818407)	(9.0, 0.32244856177704984)	('>10', 5.087521752482342)	('>50', 2.912273518272085)	('>100', 20.93356535981165)	('>500', 20.22213123144641)	('>1k', 40.66434640188351)	('>5k', 0.0)	('>10k+', 0.0)
I29_S75.R2	(1.0, 9.473845838878084)	(2.0, 2.845736513460948)	(3.0, 1.950046064080254)	(4.0, 1.4331047190091104)	(5.0, 0.6653700481113727)	(6.0, 0.49135018937455216)	(7.0, 0.3582761797522776)	(8.0, 0.4504043402600061)	(9.0, 0.13819224076159278)	('>10', 5.988330433002354)	('>50', 3.6492988023339135)	('>100', 14.459002968574062)	('>500', 20.723717883099603)	('>1k', 37.37332377930188)	('>5k', 0.0)	('>10k+', 0.0)
I2_S60.R1	(1.0, 5.699873896595208)	(2.0, 2.0849096258932325)	(3.0, 1.3114754098360655)	(4.0, 0.8406893652795292)	(5.0, 0.7145859604875998)	(6.0, 0.45397225725094575)	(7.0, 0.3530895334174023)	(8.0, 0.33627574611181166)	(9.0, 0.37831021437578816)	('>10', 7.431693989071038)	('>50', 5.632618747372846)	('>100', 34.78772593526692)	('>500', 28.633879781420763)	('>1k', 11.34089953762085)	('>5k', 0.0)	('>10k+', 0.0)
I2_S60.R2	(1.0, 11.601513240857503)	(2.0, 2.7742749054224465)	(3.0, 1.7654476670870116)	(4.0, 0.9415720891130728)	(5.0, 0.546448087431694)	(6.0, 0.605296343001261)	(7.0, 0.3530895334174023)	(8.0, 0.26902059688944935)	(9.0, 0.22698612862547288)	('>10', 6.364018495166037)	('>50', 4.884405212274065)	('>100', 20.327868852459016)	('>500', 39.98318621269441)	('>1k', 9.35687263556116)	('>5k', 0.0)	('>10k+', 0.0)
I35_S50.R1	(1.0, 3.0723419162725523)	(2.0, 1.39428971798914)	(3.0, 0.9248554913294799)	(4.0, 0.4484147836748993)	(5.0, 0.21019442984760903)	(6.0, 0.35733053074093535)	(7.0, 0.36784025223331585)	(8.0, 0.1961814678577684)	(9.0, 0.2522333158171308)	('>10', 4.287966368891224)	('>50', 3.597827990891575)	('>100', 10.68838675775092)	('>500', 20.564021720091084)	('>1k', 13.007531967069538)	('>5k', 40.63058328954283)	('>10k+', 0.0)
I35_S50.R2	(1.0, 7.619548081975827)	(2.0, 1.9898406025573654)	(3.0, 1.187598528638991)	(4.0, 1.0229462252583639)	(5.0, 0.5079698721317218)	(6.0, 0.42038885969521805)	(7.0, 0.4168856191977579)	(8.0, 0.3082851637764933)	(9.0, 0.441408302679979)	('>10', 4.354527938342967)	('>50', 5.016640392362936)	('>100', 11.37852513575057)	('>500', 15.522858644245927)	('>1k', 29.94569977228937)	('>5k', 19.866876861096515)	('>10k+', 0.0)
I36_S51.R1	(1.0, 3.791092258748675)	(2.0, 1.9441498762813716)	(3.0, 1.179745493107105)	(4.0, 0.7953340402969247)	(5.0, 0.44185224460940264)	(6.0, 0.5567338282078473)	(7.0, 0.34022622834924005)	(8.0, 0.3534817956875221)	(9.0, 0.19883351007423117)	('>10', 4.6615411806291975)	('>50', 3.3448214916931778)	('>100', 13.600212089077413)	('>500', 16.777129727819016)	('>1k', 52.01484623541888)	('>5k', 0.0)	('>10k+', 0.0)
I36_S51.R2	(1.0, 9.411452810180275)	(2.0, 2.527394839165783)	(3.0, 1.670201484623542)	(4.0, 1.0427712972781902)	(5.0, 0.8174266525273949)	(6.0, 0.39766702014846234)	(7.0, 0.30929657122658183)	(8.0, 0.4241781548250266)	(9.0, 0.27836691410392367)	('>10', 4.427359490986214)	('>50', 4.162248144220572)	('>100', 11.329091551785083)	('>500', 11.342347119123366)	('>1k', 51.86019794980559)	('>5k', 0.0)	('>10k+', 0.0)
I3_S61.R1	(1.0, 3.416882965947391)	(2.0, 1.5418587533413397)	(3.0, 1.2668035485995428)	(4.0, 0.9297640723666369)	(5.0, 0.5229922907062333)	(6.0, 0.3719056289466548)	(7.0, 0.16270871266416145)	(8.0, 0.1859528144733274)	(9.0, 0.31379537442373995)	('>10', 4.9509936853523415)	('>50', 1.727811567814667)	('>100', 15.65490256847325)	('>500', 11.091310579940341)	('>1k', 57.86231743695037)	('>5k', 0.0)	('>10k+', 0.0)
I3_S61.R2	(1.0, 8.32913648161779)	(2.0, 2.184945570061597)	(3.0, 1.4760004648820362)	(4.0, 1.4566303800410645)	(5.0, 0.6973230542749776)	(6.0, 0.7438112578933096)	(7.0, 0.43388990043776393)	(8.0, 0.3719056289466548)	(9.0, 0.2440630689962422)	('>10', 4.548095920660133)	('>50', 2.897764692209352)	('>100', 13.32274435362027)	('>500', 9.23565645217526)	('>1k', 54.05803277418355)	('>5k', 0.0)	('>10k+', 0.0)
I4_S62.R1	(1.0, 10.721483272873842)	(2.0, 2.539298669891173)	(3.0, 1.7533252720677146)	(4.0, 1.2091898428053205)	(5.0, 1.1084240225715438)	(6.0, 1.0882708585247884)	(7.0, 0.8464328899637243)	(8.0, 0.8061265618702136)	(9.0, 1.0882708585247884)	('>10', 14.147521160822249)	('>50', 11.386537686416768)	('>100', 42.2813381700927)	('>500', 11.02378073357517)	('>1k', 0.0)	('>5k', 0.0)	('>10k+', 0.0)
I4_S62.R2	(1.0, 15.417170495767834)	(2.0, 3.5872632003224507)	(3.0, 1.995163240628779)	(4.0, 1.128577186618299)	(5.0, 1.7130189439742038)	(6.0, 0.9673518742442563)	(7.0, 0.7053607416364369)	(8.0, 0.48367593712212814)	(9.0, 0.36275695284159615)	('>10', 13.724304715840388)	('>50', 4.635227730753728)	('>100', 33.27287384119307)	('>500', 22.007255139056834)	('>1k', 0.0)	('>5k', 0.0)	('>10k+', 0.0)
I50_S54.R1	(1.0, 3.3323010219882314)	(2.0, 1.3069061628987304)	(3.0, 1.0498606379684112)	(4.0, 0.780427376896872)	(5.0, 0.5419634561783835)	(6.0, 0.390213688448436)	(7.0, 0.15174976772994736)	(8.0, 0.22297925054196344)	(9.0, 0.22297925054196344)	('>10', 3.982657169402292)	('>50', 2.4775472282440383)	('>100', 13.034995354598946)	('>500', 12.2081139671725)	('>1k', 60.29730566738929)	('>5k', 0.0)	('>10k+', 0.0)
I50_S54.R2	(1.0, 8.284298544441002)	(2.0, 2.1740476927841437)	(3.0, 1.570145555899659)	(4.0, 1.1148962527098172)	(5.0, 0.6968101579436359)	(6.0, 0.5574481263549086)	(7.0, 0.4335707649427067)	(8.0, 0.39640755651904613)	(9.0, 0.16723443790647258)	('>10', 4.82192629296996)	('>50', 3.2734592753174354)	('>100', 10.396407556519046)	('>500', 14.462681944874575)	('>1k', 51.65066584081759)	('>5k', 0.0)	('>10k+', 0.0)
I51_S55.R1	(1.0, 4.529879385964912)	(2.0, 1.493969298245614)	(3.0, 0.9251644736842104)	(4.0, 0.41118421052631576)	(5.0, 0.5825109649122807)	(6.0, 0.6990131578947368)	(7.0, 0.43174342105263164)	(8.0, 0.6030701754385964)	(9.0, 0.4934210526315789)	('>10', 7.490405701754386)	('>50', 3.2552083333333335)	('>100', 10.608552631578947)	('>500', 5.688048245614035)	('>1k', 27.234100877192986)	('>5k', 35.55372807017544)	('>10k+', 0.0)
I51_S55.R2	(1.0, 10.464638157894738)	(2.0, 1.8229166666666667)	(3.0, 1.459703947368421)	(4.0, 1.0416666666666665)	(5.0, 0.7881030701754386)	(6.0, 0.6578947368421052)	(7.0, 0.7195723684210527)	(8.0, 0.8223684210526315)	(9.0, 0.6167763157894737)	('>10', 8.066063596491228)	('>50', 4.714912280701754)	('>100', 8.168859649122808)	('>500', 4.475054824561404)	('>1k', 56.18146929824561)	('>5k', 0.0)	('>10k+', 0.0)
I52_S56.R1	(1.0, 3.3886863777507763)	(2.0, 1.5930876198190902)	(3.0, 1.1441879303361686)	(4.0, 0.8100445524503848)	(5.0, 0.4387741325772918)	(6.0, 0.44552450384771164)	(7.0, 0.3071418928041042)	(8.0, 0.24301336573511542)	(9.0, 0.212636695018226)	('>10', 4.107600918050493)	('>50', 3.516943431888754)	('>100', 14.79006345348994)	('>500', 8.842986364250034)	('>1k', 60.15930876198191)	('>5k', 0.0)	('>10k+', 0.0)
I52_S56.R2	(1.0, 8.016065883623599)	(2.0, 2.3693803159173754)	(3.0, 1.6504657756176588)	(4.0, 1.1205616308896988)	(5.0, 0.7594167679222357)	(6.0, 0.46577561765897124)	(7.0, 0.425273390036452)	(8.0, 0.3510193060618334)	(9.0, 0.24301336573511542)	('>10', 4.414742810854597)	('>50', 2.8317807479411368)	('>100', 16.092885108680978)	('>500', 2.5685162683947618)	('>1k', 58.69110301066559)	('>5k', 0.0)	('>10k+', 0.0)
I56_S57.R1	(1.0, 3.7752223909741813)	(2.0, 1.6836623996528532)	(3.0, 1.431980906921241)	(4.0, 0.8157951833369494)	(5.0, 0.5641136906053373)	(6.0, 0.468648296810588)	(7.0, 0.24300282056845304)	(8.0, 0.45129095248426987)	(9.0, 0.234324148405294)	('>10', 5.13343458450857)	('>50', 2.2477760902581903)	('>100', 19.249294857886742)	('>500', 13.825124755912347)	('>1k', 49.87632892167498)	('>5k', 0.0)	('>10k+', 0.0)
I56_S57.R2	(1.0, 10.301583857669778)	(2.0, 2.777175092210892)	(3.0, 1.6923410718160121)	(4.0, 0.937296593621176)	(5.0, 0.9546539379474941)	(6.0, 0.5988283792579735)	(7.0, 0.4556302885658494)	(8.0, 0.3818615751789976)	(9.0, 0.31243219787372534)	('>10', 5.7192449555218055)	('>50', 3.267520069429377)	('>100', 13.104794966370145)	('>500', 22.8596224777609)	('>1k', 36.63701453677587)	('>5k', 0.0)	('>10k+', 0.0)
I57_S58.R1	(1.0, 6.900240706071142)	(2.0, 2.6477667825621825)	(3.0, 1.3640010698047607)	(4.0, 0.9093340465365072)	(5.0, 0.9360791655522868)	(6.0, 0.6418828563787109)	(7.0, 0.280823749665686)	(8.0, 0.5349023803155925)	(9.0, 0.2407060711420166)	('>10', 9.14683070339663)	('>50', 8.999732548809842)	('>100', 33.12382990104306)	('>500', 34.27387001872158)	('>1k', 0.0)	('>5k', 0.0)	('>10k+', 0.0)
I57_S58.R2	(1.0, 12.998127841668897)	(2.0, 3.0756886868146562)	(3.0, 1.6047071409467772)	(4.0, 0.9093340465365072)	(5.0, 0.4011767852366943)	(6.0, 0.561647499331372)	(7.0, 0.3744316662209147)	(8.0, 0.0)	(9.0, 0.4814121422840332)	('>10', 7.849692431131318)	('>50', 10.657929927788178)	('>100', 44.771329232415084)	('>500', 16.31452259962557)	('>1k', 0.0)	('>5k', 0.0)	('>10k+', 0.0)
I5_S63.R1	(1.0, 3.4842951059167273)	(2.0, 1.6216216216216217)	(3.0, 1.1943024105186268)	(4.0, 0.6428049671292915)	(5.0, 0.7487216946676406)	(6.0, 0.5697589481373265)	(7.0, 0.3323593864134405)	(8.0, 0.20452885317750183)	(9.0, 0.19722425127830534)	('>10', 4.0759678597516436)	('>50', 2.797662527392257)	('>100', 15.379839298758219)	('>500', 7.9401022644265895)	('>1k', 60.810810810810814)	('>5k', 0.0)	('>10k+', 0.0)
I5_S63.R2	(1.0, 7.943754565376188)	(2.0, 2.3447772096420745)	(3.0, 1.7092768444119795)	(4.0, 1.1687363038714391)	(5.0, 0.9130752373995616)	(6.0, 0.635500365230095)	(7.0, 0.40905770635500366)	(8.0, 0.11687363038714389)	(9.0, 0.3287070854638422)	('>10', 4.60555149744339)	('>50', 2.7757487216946677)	('>100', 13.290723155588022)	('>500', 8.754565376187)	('>1k', 55.003652300949604)	('>5k', 0.0)	('>10k+', 0.0)
I6_S64.R1	(1.0, 4.693163551549154)	(2.0, 1.9352601884829956)	(3.0, 1.5223626564125192)	(4.0, 0.8194912850253727)	(5.0, 0.7249345982916758)	(6.0, 0.6240741324423992)	(7.0, 0.5515806726132316)	(8.0, 0.5043023292463833)	(9.0, 0.4538720963217449)	('>10', 6.849056009077442)	('>50', 3.8011788066946135)	('>100', 13.24423992183314)	('>500', 8.506949916474927)	('>1k', 55.7695338355344)	('>5k', 0.0)	('>10k+', 0.0)
I6_S64.R2	(1.0, 9.496643237620955)	(2.0, 2.5656381000409745)	(3.0, 1.7492987045733919)	(4.0, 1.4372616383521921)	(5.0, 0.929807419548019)	(6.0, 0.9266555299902292)	(7.0, 0.44126453809058525)	(8.0, 0.5043023292463833)	(9.0, 0.4822391023418539)	('>10', 6.965675922715668)	('>50', 4.740441894916001)	('>100', 13.5058467551297)	('>500', 0.0)	('>1k', 56.25492482743405)	('>5k', 0.0)	('>10k+', 0.0)
I7_S65.R1	(1.0, 17.353951890034363)	(2.0, 6.701030927835052)	(3.0, 3.608247422680412)	(4.0, 3.436426116838488)	(5.0, 1.2886597938144329)	(6.0, 0.5154639175257731)	(7.0, 0.0)	(8.0, 1.3745704467353952)	(9.0, 0.0)	('>10', 7.302405498281788)	('>50', 4.725085910652921)	('>100', 53.69415807560137)	('>500', 0.0)	('>1k', 0.0)	('>5k', 0.0)	('>10k+', 0.0)
I7_S65.R2	(1.0, 21.735395189003437)	(2.0, 5.670103092783505)	(3.0, 3.608247422680412)	(4.0, 2.7491408934707904)	(5.0, 0.0)	(6.0, 1.0309278350515463)	(7.0, 1.804123711340206)	(8.0, 0.6872852233676976)	(9.0, 1.5463917525773196)	('>10', 6.872852233676976)	('>50', 0.0)	('>100', 54.29553264604811)	('>500', 0.0)	('>1k', 0.0)	('>5k', 0.0)	('>10k+', 0.0)
I8_S66.R1	(1.0, 2.9424736941591583)	(2.0, 1.4365824459706382)	(3.0, 0.926217629638964)	(4.0, 0.6678848213723143)	(5.0, 0.34654401108940835)	(6.0, 0.41585281330729007)	(7.0, 0.33079201058534435)	(8.0, 0.2016256064520194)	(9.0, 0.14176800453657615)	('>10', 4.104971331359083)	('>50', 2.5990800831705627)	('>100', 13.990926847709659)	('>500', 9.78829311322538)	('>1k', 62.1069875874236)	('>5k', 0.0)	('>10k+', 0.0)
I8_S66.R2	(1.0, 8.28240186503686)	(2.0, 2.3628000756096026)	(3.0, 1.266460840526747)	(4.0, 1.1593472370991116)	(5.0, 0.7560960241950728)	(6.0, 0.6237792199609351)	(7.0, 0.3748976119967236)	(8.0, 0.32764161048453155)	(9.0, 0.1984752063512066)	('>10', 4.593283346985067)	('>50', 2.5392224812551194)	('>100', 9.775691512822128)	('>500', 11.53046436897486)	('>1k', 56.209438598702036)	('>5k', 0.0)	('>10k+', 0.0)
I9_S76.R1	(1.0, 5.409060175794456)	(2.0, 1.6227180527383367)	(3.0, 1.4198782961460445)	(4.0, 0.8113590263691683)	(5.0, 0.3380662609871535)	(6.0, 0.0)	(7.0, 0.47329276538201487)	(8.0, 1.0818120351588911)	(9.0, 0.0)	('>10', 9.465855307640297)	('>50', 4.124408384043273)	('>100', 39.4185260311021)	('>500', 35.83502366463827)	('>1k', 0.0)	('>5k', 0.0)	('>10k+', 0.0)
I9_S76.R2	(1.0, 7.437457741717377)	(2.0, 1.8931710615280595)	(3.0, 0.6085192697768762)	(4.0, 0.5409060175794456)	(5.0, 0.3380662609871535)	(6.0, 0.8113590263691683)	(7.0, 0.9465855307640297)	(8.0, 0.0)	(9.0, 0.0)	('>10', 9.127789046653144)	('>50', 8.654496281271129)	('>100', 29.006085192697768)	('>500', 40.635564570655845)	('>1k', 0.0)	('>5k', 0.0)	('>10k+', 0.0)
