Sample	0	1	2	3	4	5	6	7	8	9	10	11	12	13	14	15	16	17	18	19	20	21
GI-103_S80.R1	(280, 15.0)	(281, 11.0)	(282, 27.0)	(283, 6.0)	(284, 27.0)	(285, 21.0)	(286, 18.0)	(287, 23.0)	(288, 35.0)	(289, 48.0)	(290, 24.0)	(291, 36.0)	(292, 58.0)	(293, 144.0)	(294, 97.0)	(295, 226.0)	(296, 522.0)	(297, 419.0)	(298, 494.0)	(299, 436.0)	(300, 5930.0)	(301, 14947.0)
GI-103_S80.R2	(280, 136.0)	(281, 165.0)	(282, 190.0)	(283, 108.0)	(284, 140.0)	(285, 238.0)	(286, 239.0)	(287, 217.0)	(288, 198.0)	(289, 317.0)	(290, 162.0)	(291, 259.0)	(292, 421.0)	(293, 1067.0)	(294, 468.0)	(295, 424.0)	(296, 624.0)	(297, 839.0)	(298, 1784.0)	(299, 1343.0)	(300, 3854.0)	(301, 10371.0)
GI-59_S79.R1	(280, 16.0)	(281, 7.0)	(282, 58.0)	(283, 19.0)	(284, 16.0)	(285, 45.0)	(286, 21.0)	(287, 35.0)	(288, 32.0)	(289, 62.0)	(290, 39.0)	(291, 77.0)	(292, 86.0)	(293, 105.0)	(294, 137.0)	(295, 274.0)	(296, 1420.0)	(297, 673.0)	(298, 810.0)	(299, 1018.0)	(300, 13273.0)	(301, 13071.0)
GI-59_S79.R2	(280, 253.0)	(281, 387.0)	(282, 547.0)	(283, 378.0)	(284, 315.0)	(285, 496.0)	(286, 380.0)	(287, 403.0)	(288, 569.0)	(289, 249.0)	(290, 320.0)	(291, 442.0)	(292, 556.0)	(293, 511.0)	(294, 311.0)	(295, 680.0)	(296, 2030.0)	(297, 1631.0)	(298, 1808.0)	(299, 3225.0)	(300, 6208.0)	(301, 9595.0)
Gl-104_S42.R1	(280, 13.0)	(281, 10.0)	(282, 33.0)	(283, 10.0)	(284, 10.0)	(285, 11.0)	(286, 14.0)	(287, 12.0)	(288, 33.0)	(289, 27.0)	(290, 21.0)	(291, 35.0)	(292, 42.0)	(293, 94.0)	(294, 81.0)	(295, 122.0)	(296, 362.0)	(297, 255.0)	(298, 325.0)	(299, 318.0)	(300, 3547.0)	(301, 13424.0)
Gl-104_S42.R2	(280, 100.0)	(281, 112.0)	(282, 123.0)	(283, 104.0)	(284, 108.0)	(285, 173.0)	(286, 113.0)	(287, 153.0)	(288, 165.0)	(289, 197.0)	(290, 90.0)	(291, 155.0)	(292, 261.0)	(293, 639.0)	(294, 278.0)	(295, 241.0)	(296, 452.0)	(297, 632.0)	(298, 1378.0)	(299, 1117.0)	(300, 2563.0)	(301, 9645.0)
Gl-111_S43.R1	(280, 6.0)	(281, 6.0)	(282, 14.0)	(283, 2.0)	(284, 4.0)	(285, 5.0)	(286, 12.0)	(287, 7.0)	(288, 8.0)	(289, 8.0)	(290, 11.0)	(291, 13.0)	(292, 14.0)	(293, 10.0)	(294, 14.0)	(295, 27.0)	(296, 74.0)	(297, 63.0)	(298, 90.0)	(299, 84.0)	(300, 684.0)	(301, 2894.0)
Gl-111_S43.R2	(280, 32.0)	(281, 22.0)	(282, 42.0)	(283, 28.0)	(284, 29.0)	(285, 33.0)	(286, 30.0)	(287, 46.0)	(288, 48.0)	(289, 49.0)	(290, 39.0)	(291, 49.0)	(292, 53.0)	(293, 113.0)	(294, 67.0)	(295, 89.0)	(296, 135.0)	(297, 162.0)	(298, 325.0)	(299, 269.0)	(300, 575.0)	(301, 1815.0)
Gl-114_S44.R1	(281, 1.0)	(282, 2.0)	(283, 0.0)	(284, 1.0)	(285, 0.0)	(286, 0.0)	(287, 4.0)	(288, 2.0)	(289, 2.0)	(290, 0.0)	(291, 5.0)	(292, 3.0)	(293, 4.0)	(294, 6.0)	(295, 11.0)	(296, 28.0)	(297, 23.0)	(298, 17.0)	(299, 32.0)	(300, 253.0)	(301, 931.0)	
Gl-114_S44.R2	(280, 3.0)	(281, 6.0)	(282, 10.0)	(283, 9.0)	(284, 8.0)	(285, 9.0)	(286, 10.0)	(287, 20.0)	(288, 20.0)	(289, 12.0)	(290, 7.0)	(291, 13.0)	(292, 17.0)	(293, 44.0)	(294, 23.0)	(295, 56.0)	(296, 69.0)	(297, 58.0)	(298, 82.0)	(299, 121.0)	(300, 223.0)	(301, 505.0)
Gl-121_S45.R1	(280, 7.0)	(281, 13.0)	(282, 17.0)	(283, 5.0)	(284, 13.0)	(285, 11.0)	(286, 10.0)	(287, 20.0)	(288, 23.0)	(289, 20.0)	(290, 25.0)	(291, 25.0)	(292, 33.0)	(293, 64.0)	(294, 71.0)	(295, 115.0)	(296, 221.0)	(297, 212.0)	(298, 335.0)	(299, 283.0)	(300, 2394.0)	(301, 17631.0)
Gl-121_S45.R2	(280, 97.0)	(281, 60.0)	(282, 115.0)	(283, 81.0)	(284, 77.0)	(285, 128.0)	(286, 107.0)	(287, 168.0)	(288, 199.0)	(289, 201.0)	(290, 82.0)	(291, 188.0)	(292, 268.0)	(293, 441.0)	(294, 311.0)	(295, 316.0)	(296, 388.0)	(297, 465.0)	(298, 1390.0)	(299, 1185.0)	(300, 1882.0)	(301, 13399.0)
Gl-124_S46.R1	(280, 8.0)	(281, 5.0)	(282, 9.0)	(283, 4.0)	(284, 11.0)	(285, 6.0)	(286, 10.0)	(287, 6.0)	(288, 14.0)	(289, 14.0)	(290, 5.0)	(291, 19.0)	(292, 24.0)	(293, 41.0)	(294, 66.0)	(295, 110.0)	(296, 187.0)	(297, 176.0)	(298, 263.0)	(299, 270.0)	(300, 1967.0)	(301, 17598.0)
Gl-124_S46.R2	(280, 70.0)	(281, 59.0)	(282, 76.0)	(283, 78.0)	(284, 77.0)	(285, 100.0)	(286, 84.0)	(287, 137.0)	(288, 168.0)	(289, 186.0)	(290, 78.0)	(291, 193.0)	(292, 210.0)	(293, 370.0)	(294, 265.0)	(295, 283.0)	(296, 372.0)	(297, 391.0)	(298, 1281.0)	(299, 1209.0)	(300, 1742.0)	(301, 13384.0)
Gl-125_S47.R1	(280, 15.0)	(281, 18.0)	(282, 13.0)	(283, 11.0)	(284, 23.0)	(285, 18.0)	(286, 21.0)	(287, 35.0)	(288, 45.0)	(289, 20.0)	(290, 22.0)	(291, 47.0)	(292, 66.0)	(293, 108.0)	(294, 122.0)	(295, 242.0)	(296, 509.0)	(297, 394.0)	(298, 635.0)	(299, 555.0)	(300, 4317.0)	(301, 41163.0)
Gl-125_S47.R2	(280, 192.0)	(281, 126.0)	(282, 214.0)	(283, 188.0)	(284, 193.0)	(285, 263.0)	(286, 181.0)	(287, 364.0)	(288, 395.0)	(289, 427.0)	(290, 221.0)	(291, 448.0)	(292, 544.0)	(293, 855.0)	(294, 556.0)	(295, 604.0)	(296, 960.0)	(297, 1092.0)	(298, 2714.0)	(299, 2540.0)	(300, 3961.0)	(301, 31361.0)
Gl-14_S2.R1	(280, 3.0)	(281, 2.0)	(282, 3.0)	(283, 4.0)	(284, 5.0)	(285, 3.0)	(286, 4.0)	(287, 4.0)	(288, 9.0)	(289, 4.0)	(290, 7.0)	(291, 9.0)	(292, 10.0)	(293, 9.0)	(294, 7.0)	(295, 27.0)	(296, 36.0)	(297, 59.0)	(298, 65.0)	(299, 59.0)	(300, 524.0)	(301, 1541.0)
Gl-14_S2.R2	(280, 11.0)	(281, 10.0)	(282, 17.0)	(283, 14.0)	(284, 24.0)	(285, 24.0)	(286, 21.0)	(287, 25.0)	(288, 27.0)	(289, 36.0)	(290, 31.0)	(291, 42.0)	(292, 33.0)	(293, 68.0)	(294, 31.0)	(295, 65.0)	(296, 99.0)	(297, 113.0)	(298, 186.0)	(299, 171.0)	(300, 351.0)	(301, 995.0)
Gl-15_S3.R1	(280, 4.0)	(281, 6.0)	(282, 9.0)	(283, 5.0)	(284, 11.0)	(285, 11.0)	(286, 10.0)	(287, 12.0)	(288, 17.0)	(289, 27.0)	(290, 26.0)	(291, 22.0)	(292, 26.0)	(293, 31.0)	(294, 45.0)	(295, 72.0)	(296, 135.0)	(297, 404.0)	(298, 185.0)	(299, 114.0)	(300, 1158.0)	(301, 3041.0)
Gl-15_S3.R2	(280, 29.0)	(281, 49.0)	(282, 75.0)	(283, 51.0)	(284, 60.0)	(285, 89.0)	(286, 49.0)	(287, 76.0)	(288, 69.0)	(289, 79.0)	(290, 54.0)	(291, 70.0)	(292, 135.0)	(293, 171.0)	(294, 91.0)	(295, 198.0)	(296, 273.0)	(297, 363.0)	(298, 351.0)	(299, 341.0)	(300, 698.0)	(301, 2000.0)
Gl-16_S4.R1	(280, 5.0)	(281, 5.0)	(282, 12.0)	(283, 2.0)	(284, 1.0)	(285, 1.0)	(286, 4.0)	(287, 6.0)	(288, 4.0)	(289, 8.0)	(290, 5.0)	(291, 3.0)	(292, 10.0)	(293, 6.0)	(294, 11.0)	(295, 14.0)	(296, 39.0)	(297, 40.0)	(298, 48.0)	(299, 52.0)	(300, 396.0)	(301, 1320.0)
Gl-16_S4.R2	(280, 14.0)	(281, 14.0)	(282, 15.0)	(283, 12.0)	(284, 10.0)	(285, 11.0)	(286, 13.0)	(287, 25.0)	(288, 19.0)	(289, 16.0)	(290, 21.0)	(291, 17.0)	(292, 35.0)	(293, 60.0)	(294, 30.0)	(295, 60.0)	(296, 95.0)	(297, 86.0)	(298, 137.0)	(299, 134.0)	(300, 282.0)	(301, 886.0)
Gl-17_S5.R1	(280, 10.0)	(281, 16.0)	(282, 26.0)	(283, 5.0)	(284, 11.0)	(285, 6.0)	(286, 7.0)	(287, 10.0)	(288, 13.0)	(289, 4.0)	(290, 8.0)	(291, 15.0)	(292, 19.0)	(293, 37.0)	(294, 62.0)	(295, 97.0)	(296, 220.0)	(297, 126.0)	(298, 242.0)	(299, 81.0)	(300, 760.0)	(301, 1830.0)
Gl-17_S5.R2	(280, 20.0)	(281, 25.0)	(282, 43.0)	(283, 12.0)	(284, 25.0)	(285, 25.0)	(286, 20.0)	(287, 23.0)	(288, 25.0)	(289, 28.0)	(290, 39.0)	(291, 35.0)	(292, 56.0)	(293, 58.0)	(294, 40.0)	(295, 72.0)	(296, 97.0)	(297, 129.0)	(298, 292.0)	(299, 149.0)	(300, 298.0)	(301, 2094.0)
Gl-25_S48.R1	(280, 1.0)	(281, 1.0)	(282, 2.0)	(283, 0.0)	(284, 0.0)	(285, 0.0)	(286, 1.0)	(287, 1.0)	(288, 1.0)	(289, 3.0)	(290, 2.0)	(291, 2.0)	(292, 6.0)	(293, 9.0)	(294, 1.0)	(295, 34.0)	(296, 48.0)	(297, 44.0)	(298, 90.0)	(299, 62.0)	(300, 345.0)	(301, 627.0)
Gl-25_S48.R2	(280, 15.0)	(281, 10.0)	(282, 39.0)	(283, 23.0)	(284, 19.0)	(285, 63.0)	(286, 24.0)	(287, 37.0)	(288, 24.0)	(289, 18.0)	(290, 11.0)	(291, 19.0)	(292, 21.0)	(293, 31.0)	(294, 11.0)	(295, 46.0)	(296, 52.0)	(297, 47.0)	(298, 107.0)	(299, 60.0)	(300, 149.0)	(301, 454.0)
Gl-26_S6.R1	(281, 3.0)	(282, 5.0)	(283, 1.0)	(284, 1.0)	(285, 5.0)	(286, 5.0)	(287, 1.0)	(288, 6.0)	(289, 5.0)	(290, 8.0)	(291, 8.0)	(292, 12.0)	(293, 12.0)	(294, 10.0)	(295, 20.0)	(296, 48.0)	(297, 53.0)	(298, 43.0)	(299, 52.0)	(300, 563.0)	(301, 1386.0)	
Gl-26_S6.R2	(280, 11.0)	(281, 15.0)	(282, 20.0)	(283, 12.0)	(284, 20.0)	(285, 26.0)	(286, 26.0)	(287, 20.0)	(288, 32.0)	(289, 41.0)	(290, 18.0)	(291, 24.0)	(292, 36.0)	(293, 71.0)	(294, 27.0)	(295, 94.0)	(296, 82.0)	(297, 91.0)	(298, 180.0)	(299, 184.0)	(300, 355.0)	(301, 862.0)
Gl-27_S7.R1	(280, 2.0)	(281, 1.0)	(282, 0.0)	(283, 1.0)	(284, 0.0)	(285, 1.0)	(286, 3.0)	(287, 1.0)	(288, 1.0)	(289, 1.0)	(290, 2.0)	(291, 6.0)	(292, 6.0)	(293, 6.0)	(294, 5.0)	(295, 23.0)	(296, 45.0)	(297, 24.0)	(298, 38.0)	(299, 64.0)	(300, 358.0)	(301, 1439.0)
Gl-27_S7.R2	(280, 10.0)	(281, 6.0)	(282, 8.0)	(283, 16.0)	(284, 12.0)	(285, 21.0)	(286, 16.0)	(287, 24.0)	(288, 14.0)	(289, 24.0)	(290, 20.0)	(291, 35.0)	(292, 17.0)	(293, 60.0)	(294, 30.0)	(295, 70.0)	(296, 108.0)	(297, 84.0)	(298, 128.0)	(299, 183.0)	(300, 307.0)	(301, 834.0)
Gl-28_S8.R1	(280, 1.0)	(281, 4.0)	(282, 7.0)	(283, 2.0)	(284, 5.0)	(285, 2.0)	(286, 5.0)	(287, 1.0)	(288, 7.0)	(289, 5.0)	(290, 9.0)	(291, 4.0)	(292, 7.0)	(293, 8.0)	(294, 15.0)	(295, 26.0)	(296, 37.0)	(297, 55.0)	(298, 72.0)	(299, 66.0)	(300, 428.0)	(301, 2358.0)
Gl-28_S8.R2	(280, 12.0)	(281, 8.0)	(282, 14.0)	(283, 16.0)	(284, 24.0)	(285, 26.0)	(286, 19.0)	(287, 29.0)	(288, 25.0)	(289, 28.0)	(290, 16.0)	(291, 29.0)	(292, 40.0)	(293, 79.0)	(294, 48.0)	(295, 78.0)	(296, 84.0)	(297, 101.0)	(298, 230.0)	(299, 220.0)	(300, 365.0)	(301, 1633.0)
Gl-29_S9.R1	(280, 1.0)	(281, 4.0)	(282, 4.0)	(283, 1.0)	(284, 1.0)	(285, 2.0)	(286, 4.0)	(287, 2.0)	(288, 5.0)	(289, 6.0)	(290, 5.0)	(291, 5.0)	(292, 7.0)	(293, 7.0)	(294, 7.0)	(295, 23.0)	(296, 40.0)	(297, 37.0)	(298, 52.0)	(299, 48.0)	(300, 427.0)	(301, 1236.0)
Gl-29_S9.R2	(280, 6.0)	(281, 9.0)	(282, 12.0)	(283, 17.0)	(284, 9.0)	(285, 16.0)	(286, 12.0)	(287, 15.0)	(288, 18.0)	(289, 36.0)	(290, 24.0)	(291, 24.0)	(292, 20.0)	(293, 76.0)	(294, 17.0)	(295, 77.0)	(296, 99.0)	(297, 99.0)	(298, 118.0)	(299, 178.0)	(300, 311.0)	(301, 731.0)
Gl-30_S10.R1	(280, 4.0)	(281, 0.0)	(282, 1.0)	(283, 0.0)	(284, 1.0)	(285, 3.0)	(286, 3.0)	(287, 3.0)	(288, 3.0)	(289, 1.0)	(290, 6.0)	(291, 3.0)	(292, 5.0)	(293, 13.0)	(294, 14.0)	(295, 20.0)	(296, 31.0)	(297, 32.0)	(298, 26.0)	(299, 40.0)	(300, 271.0)	(301, 1066.0)
Gl-30_S10.R2	(280, 13.0)	(281, 7.0)	(282, 11.0)	(283, 10.0)	(284, 16.0)	(285, 15.0)	(286, 12.0)	(287, 23.0)	(288, 16.0)	(289, 22.0)	(290, 12.0)	(291, 20.0)	(292, 22.0)	(293, 58.0)	(294, 28.0)	(295, 43.0)	(296, 69.0)	(297, 73.0)	(298, 118.0)	(299, 122.0)	(300, 197.0)	(301, 639.0)
Gl-31_S11.R1	(280, 3.0)	(281, 6.0)	(282, 14.0)	(283, 4.0)	(284, 6.0)	(285, 4.0)	(286, 12.0)	(287, 9.0)	(288, 8.0)	(289, 18.0)	(290, 9.0)	(291, 10.0)	(292, 15.0)	(293, 26.0)	(294, 33.0)	(295, 52.0)	(296, 95.0)	(297, 106.0)	(298, 182.0)	(299, 136.0)	(300, 956.0)	(301, 5932.0)
Gl-31_S11.R2	(280, 34.0)	(281, 27.0)	(282, 46.0)	(283, 39.0)	(284, 42.0)	(285, 39.0)	(286, 41.0)	(287, 56.0)	(288, 88.0)	(289, 91.0)	(290, 51.0)	(291, 65.0)	(292, 78.0)	(293, 168.0)	(294, 121.0)	(295, 125.0)	(296, 180.0)	(297, 223.0)	(298, 577.0)	(299, 545.0)	(300, 757.0)	(301, 4243.0)
Gl-32_S12.R1	(280, 1.0)	(281, 1.0)	(282, 2.0)	(283, 1.0)	(284, 2.0)	(285, 3.0)	(286, 3.0)	(287, 4.0)	(288, 8.0)	(289, 8.0)	(290, 9.0)	(291, 22.0)	(292, 16.0)	(293, 25.0)	(294, 15.0)	(295, 52.0)	(296, 51.0)	(297, 167.0)	(298, 86.0)	(299, 93.0)	(300, 804.0)	(301, 1384.0)
Gl-32_S12.R2	(280, 8.0)	(281, 18.0)	(282, 24.0)	(283, 16.0)	(284, 16.0)	(285, 46.0)	(286, 29.0)	(287, 31.0)	(288, 40.0)	(289, 39.0)	(290, 29.0)	(291, 30.0)	(292, 46.0)	(293, 80.0)	(294, 31.0)	(295, 79.0)	(296, 83.0)	(297, 184.0)	(298, 209.0)	(299, 157.0)	(300, 292.0)	(301, 1270.0)
Gl-33_S13.R1	(282, 3.0)	(283, 0.0)	(284, 1.0)	(285, 2.0)	(286, 2.0)	(287, 1.0)	(288, 4.0)	(289, 1.0)	(290, 5.0)	(291, 6.0)	(292, 4.0)	(293, 9.0)	(294, 4.0)	(295, 16.0)	(296, 44.0)	(297, 36.0)	(298, 32.0)	(299, 31.0)	(300, 281.0)	(301, 994.0)		
Gl-33_S13.R2	(280, 6.0)	(281, 6.0)	(282, 13.0)	(283, 10.0)	(284, 11.0)	(285, 18.0)	(286, 17.0)	(287, 14.0)	(288, 28.0)	(289, 14.0)	(290, 17.0)	(291, 21.0)	(292, 26.0)	(293, 51.0)	(294, 20.0)	(295, 36.0)	(296, 64.0)	(297, 74.0)	(298, 105.0)	(299, 144.0)	(300, 219.0)	(301, 562.0)
Gl-34_S14.R1	(280, 39.0)	(281, 55.0)	(282, 358.0)	(283, 5.0)	(284, 3.0)	(285, 3.0)	(286, 2.0)	(287, 0.0)	(288, 2.0)	(289, 3.0)	(290, 7.0)	(291, 3.0)	(292, 8.0)	(293, 11.0)	(294, 9.0)	(295, 22.0)	(296, 54.0)	(297, 39.0)	(298, 49.0)	(299, 55.0)	(300, 467.0)	(301, 1155.0)
Gl-34_S14.R2	(280, 43.0)	(281, 63.0)	(282, 306.0)	(283, 17.0)	(284, 29.0)	(285, 15.0)	(286, 14.0)	(287, 18.0)	(288, 22.0)	(289, 24.0)	(290, 18.0)	(291, 24.0)	(292, 40.0)	(293, 75.0)	(294, 37.0)	(295, 64.0)	(296, 75.0)	(297, 89.0)	(298, 114.0)	(299, 188.0)	(300, 252.0)	(301, 822.0)
Gl-36_S15.R1	(280, 5.0)	(281, 3.0)	(282, 4.0)	(283, 4.0)	(284, 1.0)	(285, 1.0)	(286, 1.0)	(287, 1.0)	(288, 2.0)	(289, 6.0)	(290, 3.0)	(291, 8.0)	(292, 4.0)	(293, 12.0)	(294, 15.0)	(295, 25.0)	(296, 45.0)	(297, 45.0)	(298, 64.0)	(299, 55.0)	(300, 487.0)	(301, 1030.0)
Gl-36_S15.R2	(280, 13.0)	(281, 7.0)	(282, 18.0)	(283, 19.0)	(284, 15.0)	(285, 24.0)	(286, 18.0)	(287, 18.0)	(288, 20.0)	(289, 29.0)	(290, 36.0)	(291, 31.0)	(292, 36.0)	(293, 56.0)	(294, 49.0)	(295, 85.0)	(296, 85.0)	(297, 84.0)	(298, 133.0)	(299, 149.0)	(300, 261.0)	(301, 635.0)
Gl-38_S16.R1	(280, 1.0)	(281, 7.0)	(282, 8.0)	(283, 7.0)	(284, 13.0)	(285, 8.0)	(286, 10.0)	(287, 9.0)	(288, 12.0)	(289, 10.0)	(290, 11.0)	(291, 18.0)	(292, 28.0)	(293, 51.0)	(294, 28.0)	(295, 63.0)	(296, 158.0)	(297, 137.0)	(298, 158.0)	(299, 163.0)	(300, 1741.0)	(301, 3902.0)
Gl-38_S16.R2	(280, 33.0)	(281, 44.0)	(282, 53.0)	(283, 38.0)	(284, 52.0)	(285, 87.0)	(286, 53.0)	(287, 59.0)	(288, 66.0)	(289, 84.0)	(290, 43.0)	(291, 80.0)	(292, 127.0)	(293, 319.0)	(294, 133.0)	(295, 130.0)	(296, 223.0)	(297, 333.0)	(298, 542.0)	(299, 446.0)	(300, 1264.0)	(301, 2334.0)
Gl-39_S17.R1	(280, 1.0)	(281, 1.0)	(282, 1.0)	(283, 1.0)	(284, 1.0)	(285, 3.0)	(286, 3.0)	(287, 0.0)	(288, 0.0)	(289, 3.0)	(290, 1.0)	(291, 0.0)	(292, 2.0)	(293, 0.0)	(294, 1.0)	(295, 13.0)	(296, 13.0)	(297, 10.0)	(298, 26.0)	(299, 14.0)	(300, 153.0)	(301, 439.0)
Gl-39_S17.R2	(280, 2.0)	(281, 3.0)	(282, 5.0)	(283, 7.0)	(284, 7.0)	(285, 9.0)	(286, 8.0)	(287, 8.0)	(288, 9.0)	(289, 5.0)	(290, 4.0)	(291, 5.0)	(292, 4.0)	(293, 18.0)	(294, 14.0)	(295, 19.0)	(296, 35.0)	(297, 32.0)	(298, 52.0)	(299, 59.0)	(300, 101.0)	(301, 280.0)
Gl-45_S18.R1	(280, 2.0)	(281, 0.0)	(282, 2.0)	(283, 1.0)	(284, 0.0)	(285, 2.0)	(286, 5.0)	(287, 2.0)	(288, 7.0)	(289, 6.0)	(290, 4.0)	(291, 8.0)	(292, 8.0)	(293, 4.0)	(294, 5.0)	(295, 15.0)	(296, 23.0)	(297, 24.0)	(298, 14.0)	(299, 20.0)	(300, 225.0)	(301, 663.0)
Gl-45_S18.R2	(280, 3.0)	(281, 1.0)	(282, 6.0)	(283, 8.0)	(284, 11.0)	(285, 6.0)	(286, 7.0)	(287, 16.0)	(288, 15.0)	(289, 9.0)	(290, 14.0)	(291, 13.0)	(292, 17.0)	(293, 26.0)	(294, 23.0)	(295, 30.0)	(296, 44.0)	(297, 38.0)	(298, 61.0)	(299, 100.0)	(300, 178.0)	(301, 414.0)
Gl-47_S19.R1	(281, 1.0)	(282, 1.0)	(283, 0.0)	(284, 1.0)	(285, 1.0)	(286, 0.0)	(287, 1.0)	(288, 5.0)	(289, 2.0)	(290, 1.0)	(291, 2.0)	(292, 0.0)	(293, 3.0)	(294, 4.0)	(295, 15.0)	(296, 32.0)	(297, 26.0)	(298, 28.0)	(299, 31.0)	(300, 247.0)	(301, 940.0)	
Gl-47_S19.R2	(280, 7.0)	(281, 2.0)	(282, 7.0)	(283, 12.0)	(284, 6.0)	(285, 9.0)	(286, 15.0)	(287, 13.0)	(288, 17.0)	(289, 16.0)	(290, 14.0)	(291, 9.0)	(292, 13.0)	(293, 40.0)	(294, 21.0)	(295, 53.0)	(296, 91.0)	(297, 64.0)	(298, 83.0)	(299, 156.0)	(300, 221.0)	(301, 472.0)
Gl-51_S20.R1	(280, 9.0)	(281, 25.0)	(282, 172.0)	(283, 0.0)	(284, 1.0)	(285, 3.0)	(286, 2.0)	(287, 6.0)	(288, 4.0)	(289, 3.0)	(290, 6.0)	(291, 2.0)	(292, 6.0)	(293, 5.0)	(294, 6.0)	(295, 13.0)	(296, 58.0)	(297, 45.0)	(298, 44.0)	(299, 54.0)	(300, 546.0)	(301, 814.0)
Gl-51_S20.R2	(280, 23.0)	(281, 35.0)	(282, 147.0)	(283, 20.0)	(284, 17.0)	(285, 16.0)	(286, 16.0)	(287, 21.0)	(288, 30.0)	(289, 16.0)	(290, 19.0)	(291, 28.0)	(292, 23.0)	(293, 39.0)	(294, 26.0)	(295, 37.0)	(296, 92.0)	(297, 108.0)	(298, 97.0)	(299, 145.0)	(300, 283.0)	(301, 586.0)
Gl-52_S21.R1	(280, 4.0)	(281, 0.0)	(282, 4.0)	(283, 1.0)	(284, 2.0)	(285, 4.0)	(286, 3.0)	(287, 2.0)	(288, 4.0)	(289, 6.0)	(290, 4.0)	(291, 4.0)	(292, 10.0)	(293, 20.0)	(294, 12.0)	(295, 24.0)	(296, 50.0)	(297, 39.0)	(298, 74.0)	(299, 62.0)	(300, 508.0)	(301, 3816.0)
Gl-52_S21.R2	(280, 28.0)	(281, 16.0)	(282, 14.0)	(283, 20.0)	(284, 11.0)	(285, 22.0)	(286, 23.0)	(287, 27.0)	(288, 53.0)	(289, 39.0)	(290, 20.0)	(291, 38.0)	(292, 57.0)	(293, 100.0)	(294, 55.0)	(295, 65.0)	(296, 95.0)	(297, 110.0)	(298, 313.0)	(299, 315.0)	(300, 523.0)	(301, 2709.0)
Gl-53_S22.R1	(281, 1.0)	(282, 0.0)	(283, 2.0)	(284, 1.0)	(285, 2.0)	(286, 3.0)	(287, 7.0)	(288, 3.0)	(289, 2.0)	(290, 6.0)	(291, 2.0)	(292, 8.0)	(293, 6.0)	(294, 4.0)	(295, 17.0)	(296, 39.0)	(297, 39.0)	(298, 39.0)	(299, 41.0)	(300, 447.0)	(301, 976.0)	
Gl-53_S22.R2	(280, 7.0)	(281, 11.0)	(282, 19.0)	(283, 14.0)	(284, 22.0)	(285, 18.0)	(286, 19.0)	(287, 22.0)	(288, 23.0)	(289, 17.0)	(290, 17.0)	(291, 14.0)	(292, 25.0)	(293, 63.0)	(294, 23.0)	(295, 68.0)	(296, 96.0)	(297, 86.0)	(298, 103.0)	(299, 142.0)	(300, 282.0)	(301, 554.0)
Gl-54_S23.R1	(280, 17.0)	(281, 54.0)	(282, 235.0)	(283, 3.0)	(284, 1.0)	(285, 2.0)	(286, 6.0)	(287, 4.0)	(288, 4.0)	(289, 5.0)	(290, 5.0)	(291, 13.0)	(292, 16.0)	(293, 17.0)	(294, 15.0)	(295, 36.0)	(296, 119.0)	(297, 53.0)	(298, 66.0)	(299, 116.0)	(300, 1012.0)	(301, 1561.0)
Gl-54_S23.R2	(280, 36.0)	(281, 74.0)	(282, 241.0)	(283, 47.0)	(284, 44.0)	(285, 34.0)	(286, 42.0)	(287, 38.0)	(288, 61.0)	(289, 34.0)	(290, 36.0)	(291, 47.0)	(292, 44.0)	(293, 77.0)	(294, 39.0)	(295, 74.0)	(296, 198.0)	(297, 162.0)	(298, 196.0)	(299, 277.0)	(300, 577.0)	(301, 982.0)
Gl-56_S24.R1	(280, 4.0)	(281, 11.0)	(282, 10.0)	(283, 4.0)	(284, 12.0)	(285, 12.0)	(286, 6.0)	(287, 12.0)	(288, 14.0)	(289, 15.0)	(290, 14.0)	(291, 20.0)	(292, 32.0)	(293, 73.0)	(294, 41.0)	(295, 72.0)	(296, 246.0)	(297, 174.0)	(298, 209.0)	(299, 196.0)	(300, 2617.0)	(301, 5315.0)
Gl-56_S24.R2	(280, 48.0)	(281, 76.0)	(282, 85.0)	(283, 57.0)	(284, 74.0)	(285, 120.0)	(286, 89.0)	(287, 88.0)	(288, 80.0)	(289, 129.0)	(290, 58.0)	(291, 97.0)	(292, 201.0)	(293, 513.0)	(294, 177.0)	(295, 142.0)	(296, 284.0)	(297, 419.0)	(298, 723.0)	(299, 541.0)	(300, 1809.0)	(301, 3299.0)
Gl-61_S25.R1	(280, 3.0)	(281, 9.0)	(282, 8.0)	(283, 1.0)	(284, 5.0)	(285, 9.0)	(286, 12.0)	(287, 11.0)	(288, 11.0)	(289, 14.0)	(290, 17.0)	(291, 17.0)	(292, 22.0)	(293, 48.0)	(294, 51.0)	(295, 67.0)	(296, 101.0)	(297, 103.0)	(298, 175.0)	(299, 156.0)	(300, 1246.0)	(301, 8354.0)
Gl-61_S25.R2	(280, 33.0)	(281, 32.0)	(282, 55.0)	(283, 53.0)	(284, 47.0)	(285, 68.0)	(286, 42.0)	(287, 86.0)	(288, 76.0)	(289, 112.0)	(290, 60.0)	(291, 113.0)	(292, 125.0)	(293, 218.0)	(294, 116.0)	(295, 175.0)	(296, 196.0)	(297, 220.0)	(298, 718.0)	(299, 648.0)	(300, 1037.0)	(301, 6210.0)
Gl-62_S26.R1	(280, 4.0)	(281, 20.0)	(282, 70.0)	(283, 3.0)	(284, 3.0)	(285, 9.0)	(286, 14.0)	(287, 23.0)	(288, 10.0)	(289, 12.0)	(290, 16.0)	(291, 17.0)	(292, 37.0)	(293, 36.0)	(294, 33.0)	(295, 82.0)	(296, 131.0)	(297, 155.0)	(298, 185.0)	(299, 186.0)	(300, 1395.0)	(301, 6853.0)
Gl-62_S26.R2	(280, 49.0)	(281, 66.0)	(282, 120.0)	(283, 50.0)	(284, 55.0)	(285, 86.0)	(286, 47.0)	(287, 83.0)	(288, 83.0)	(289, 96.0)	(290, 79.0)	(291, 121.0)	(292, 297.0)	(293, 316.0)	(294, 121.0)	(295, 158.0)	(296, 228.0)	(297, 383.0)	(298, 725.0)	(299, 671.0)	(300, 1120.0)	(301, 4340.0)
Gl-63_S27.R1	(281, 1.0)	(282, 3.0)	(283, 0.0)	(284, 2.0)	(285, 0.0)	(286, 2.0)	(287, 3.0)	(288, 3.0)	(289, 1.0)	(290, 5.0)	(291, 5.0)	(292, 5.0)	(293, 7.0)	(294, 11.0)	(295, 25.0)	(296, 32.0)	(297, 29.0)	(298, 43.0)	(299, 45.0)	(300, 369.0)	(301, 1300.0)	
Gl-63_S27.R2	(280, 7.0)	(281, 13.0)	(282, 14.0)	(283, 8.0)	(284, 17.0)	(285, 12.0)	(286, 11.0)	(287, 24.0)	(288, 21.0)	(289, 29.0)	(290, 21.0)	(291, 22.0)	(292, 29.0)	(293, 58.0)	(294, 17.0)	(295, 47.0)	(296, 73.0)	(297, 71.0)	(298, 147.0)	(299, 165.0)	(300, 287.0)	(301, 798.0)
Gl-64_S28.R1	(281, 1.0)	(282, 7.0)	(283, 4.0)	(284, 5.0)	(285, 5.0)	(286, 5.0)	(287, 9.0)	(288, 6.0)	(289, 8.0)	(290, 6.0)	(291, 19.0)	(292, 14.0)	(293, 13.0)	(294, 18.0)	(295, 39.0)	(296, 105.0)	(297, 68.0)	(298, 113.0)	(299, 82.0)	(300, 780.0)	(301, 2821.0)	
Gl-64_S28.R2	(280, 12.0)	(281, 15.0)	(282, 29.0)	(283, 19.0)	(284, 25.0)	(285, 30.0)	(286, 36.0)	(287, 35.0)	(288, 36.0)	(289, 36.0)	(290, 39.0)	(291, 44.0)	(292, 42.0)	(293, 134.0)	(294, 104.0)	(295, 87.0)	(296, 185.0)	(297, 132.0)	(298, 285.0)	(299, 306.0)	(300, 563.0)	(301, 1934.0)
Gl-66_S29.R1	(280, 5.0)	(281, 9.0)	(282, 9.0)	(283, 10.0)	(284, 10.0)	(285, 9.0)	(286, 12.0)	(287, 17.0)	(288, 21.0)	(289, 23.0)	(290, 31.0)	(291, 34.0)	(292, 59.0)	(293, 40.0)	(294, 55.0)	(295, 118.0)	(296, 210.0)	(297, 238.0)	(298, 306.0)	(299, 290.0)	(300, 2453.0)	(301, 17963.0)
Gl-66_S29.R2	(280, 97.0)	(281, 83.0)	(282, 97.0)	(283, 89.0)	(284, 111.0)	(285, 158.0)	(286, 76.0)	(287, 168.0)	(288, 186.0)	(289, 184.0)	(290, 115.0)	(291, 251.0)	(292, 431.0)	(293, 553.0)	(294, 237.0)	(295, 271.0)	(296, 462.0)	(297, 620.0)	(298, 1383.0)	(299, 1281.0)	(300, 2041.0)	(301, 13028.0)
Gl-67_S30.R1	(280, 4.0)	(281, 10.0)	(282, 17.0)	(283, 7.0)	(284, 5.0)	(285, 6.0)	(286, 6.0)	(287, 8.0)	(288, 10.0)	(289, 18.0)	(290, 15.0)	(291, 14.0)	(292, 18.0)	(293, 27.0)	(294, 40.0)	(295, 64.0)	(296, 148.0)	(297, 164.0)	(298, 195.0)	(299, 191.0)	(300, 1363.0)	(301, 6023.0)
Gl-67_S30.R2	(280, 40.0)	(281, 49.0)	(282, 77.0)	(283, 43.0)	(284, 67.0)	(285, 86.0)	(286, 52.0)	(287, 82.0)	(288, 89.0)	(289, 120.0)	(290, 57.0)	(291, 93.0)	(292, 127.0)	(293, 233.0)	(294, 156.0)	(295, 159.0)	(296, 265.0)	(297, 291.0)	(298, 598.0)	(299, 536.0)	(300, 994.0)	(301, 4139.0)
Gl-69_S31.R1	(280, 5.0)	(281, 18.0)	(282, 19.0)	(283, 6.0)	(284, 9.0)	(285, 18.0)	(286, 19.0)	(287, 13.0)	(288, 38.0)	(289, 15.0)	(290, 38.0)	(291, 38.0)	(292, 54.0)	(293, 102.0)	(294, 64.0)	(295, 192.0)	(296, 376.0)	(297, 628.0)	(298, 392.0)	(299, 393.0)	(300, 4481.0)	(301, 9771.0)
Gl-69_S31.R2	(280, 60.0)	(281, 111.0)	(282, 117.0)	(283, 65.0)	(284, 90.0)	(285, 166.0)	(286, 103.0)	(287, 112.0)	(288, 109.0)	(289, 182.0)	(290, 123.0)	(291, 111.0)	(292, 238.0)	(293, 642.0)	(294, 241.0)	(295, 250.0)	(296, 382.0)	(297, 679.0)	(298, 1127.0)	(299, 763.0)	(300, 2091.0)	(301, 8927.0)
Gl-70_S32.R1	(280, 5.0)	(281, 11.0)	(282, 4.0)	(283, 4.0)	(284, 7.0)	(285, 13.0)	(286, 13.0)	(287, 18.0)	(288, 22.0)	(289, 18.0)	(290, 14.0)	(291, 21.0)	(292, 30.0)	(293, 59.0)	(294, 88.0)	(295, 137.0)	(296, 273.0)	(297, 211.0)	(298, 318.0)	(299, 338.0)	(300, 2807.0)	(301, 17870.0)
Gl-70_S32.R2	(280, 80.0)	(281, 74.0)	(282, 103.0)	(283, 81.0)	(284, 88.0)	(285, 139.0)	(286, 75.0)	(287, 153.0)	(288, 194.0)	(289, 178.0)	(290, 89.0)	(291, 253.0)	(292, 302.0)	(293, 477.0)	(294, 286.0)	(295, 323.0)	(296, 474.0)	(297, 518.0)	(298, 1274.0)	(299, 1112.0)	(300, 1818.0)	(301, 14190.0)
Gl-71_S33.R1	(280, 1.0)	(281, 4.0)	(282, 4.0)	(283, 3.0)	(284, 7.0)	(285, 5.0)	(286, 17.0)	(287, 13.0)	(288, 10.0)	(289, 18.0)	(290, 13.0)	(291, 25.0)	(292, 38.0)	(293, 122.0)	(294, 49.0)	(295, 106.0)	(296, 368.0)	(297, 208.0)	(298, 302.0)	(299, 253.0)	(300, 3549.0)	(301, 8586.0)
Gl-71_S33.R2	(280, 61.0)	(281, 91.0)	(282, 98.0)	(283, 56.0)	(284, 83.0)	(285, 171.0)	(286, 101.0)	(287, 97.0)	(288, 117.0)	(289, 133.0)	(290, 85.0)	(291, 110.0)	(292, 204.0)	(293, 616.0)	(294, 243.0)	(295, 215.0)	(296, 446.0)	(297, 436.0)	(298, 851.0)	(299, 801.0)	(300, 2012.0)	(301, 6674.0)
Gl-72_S34.R1	(280, 4.0)	(281, 11.0)	(282, 19.0)	(283, 7.0)	(284, 12.0)	(285, 14.0)	(286, 14.0)	(287, 20.0)	(288, 9.0)	(289, 15.0)	(290, 17.0)	(291, 34.0)	(292, 40.0)	(293, 70.0)	(294, 71.0)	(295, 144.0)	(296, 272.0)	(297, 199.0)	(298, 309.0)	(299, 293.0)	(300, 2597.0)	(301, 16093.0)
Gl-72_S34.R2	(280, 72.0)	(281, 62.0)	(282, 93.0)	(283, 75.0)	(284, 87.0)	(285, 124.0)	(286, 87.0)	(287, 146.0)	(288, 189.0)	(289, 197.0)	(290, 127.0)	(291, 254.0)	(292, 255.0)	(293, 381.0)	(294, 276.0)	(295, 296.0)	(296, 414.0)	(297, 455.0)	(298, 1317.0)	(299, 1148.0)	(300, 1695.0)	(301, 12514.0)
Gl-73_S35.R1	(280, 5.0)	(281, 9.0)	(282, 16.0)	(283, 12.0)	(284, 13.0)	(285, 15.0)	(286, 17.0)	(287, 8.0)	(288, 17.0)	(289, 33.0)	(290, 16.0)	(291, 38.0)	(292, 45.0)	(293, 95.0)	(294, 104.0)	(295, 162.0)	(296, 304.0)	(297, 244.0)	(298, 379.0)	(299, 353.0)	(300, 3342.0)	(301, 18309.0)
Gl-73_S35.R2	(280, 89.0)	(281, 84.0)	(282, 91.0)	(283, 81.0)	(284, 103.0)	(285, 123.0)	(286, 119.0)	(287, 199.0)	(288, 209.0)	(289, 202.0)	(290, 154.0)	(291, 276.0)	(292, 347.0)	(293, 475.0)	(294, 329.0)	(295, 392.0)	(296, 533.0)	(297, 564.0)	(298, 1400.0)	(299, 1249.0)	(300, 1919.0)	(301, 14598.0)
Gl-75_S36.R1	(280, 8.0)	(281, 12.0)	(282, 18.0)	(283, 15.0)	(284, 16.0)	(285, 29.0)	(286, 23.0)	(287, 22.0)	(288, 27.0)	(289, 34.0)	(290, 30.0)	(291, 55.0)	(292, 63.0)	(293, 105.0)	(294, 135.0)	(295, 257.0)	(296, 840.0)	(297, 546.0)	(298, 584.0)	(299, 752.0)	(300, 8087.0)	(301, 17475.0)
Gl-75_S36.R2	(280, 144.0)	(281, 230.0)	(282, 310.0)	(283, 227.0)	(284, 253.0)	(285, 302.0)	(286, 252.0)	(287, 283.0)	(288, 417.0)	(289, 288.0)	(290, 292.0)	(291, 502.0)	(292, 566.0)	(293, 639.0)	(294, 451.0)	(295, 614.0)	(296, 1134.0)	(297, 1137.0)	(298, 1571.0)	(299, 2115.0)	(300, 4001.0)	(301, 13405.0)
Gl-79_S37.R1	(280, 10.0)	(281, 10.0)	(282, 21.0)	(283, 9.0)	(284, 8.0)	(285, 12.0)	(286, 17.0)	(287, 25.0)	(288, 27.0)	(289, 22.0)	(290, 18.0)	(291, 28.0)	(292, 43.0)	(293, 59.0)	(294, 66.0)	(295, 83.0)	(296, 181.0)	(297, 178.0)	(298, 252.0)	(299, 236.0)	(300, 1967.0)	(301, 14638.0)
Gl-79_S37.R2	(280, 81.0)	(281, 59.0)	(282, 79.0)	(283, 62.0)	(284, 84.0)	(285, 101.0)	(286, 87.0)	(287, 139.0)	(288, 160.0)	(289, 200.0)	(290, 94.0)	(291, 209.0)	(292, 240.0)	(293, 373.0)	(294, 243.0)	(295, 247.0)	(296, 358.0)	(297, 390.0)	(298, 1158.0)	(299, 1037.0)	(300, 1627.0)	(301, 10882.0)
Gl-7_S1.R1	(280, 6.0)	(281, 16.0)	(282, 11.0)	(283, 4.0)	(284, 10.0)	(285, 12.0)	(286, 9.0)	(287, 15.0)	(288, 16.0)	(289, 17.0)	(290, 15.0)	(291, 31.0)	(292, 28.0)	(293, 67.0)	(294, 68.0)	(295, 110.0)	(296, 194.0)	(297, 184.0)	(298, 318.0)	(299, 259.0)	(300, 2129.0)	(301, 14641.0)
Gl-7_S1.R2	(280, 89.0)	(281, 66.0)	(282, 89.0)	(283, 68.0)	(284, 93.0)	(285, 99.0)	(286, 62.0)	(287, 138.0)	(288, 162.0)	(289, 179.0)	(290, 105.0)	(291, 184.0)	(292, 232.0)	(293, 347.0)	(294, 226.0)	(295, 270.0)	(296, 389.0)	(297, 403.0)	(298, 1143.0)	(299, 1010.0)	(300, 1604.0)	(301, 11202.0)
Gl-80_S38.R1	(280, 13.0)	(281, 13.0)	(282, 26.0)	(283, 15.0)	(284, 14.0)	(285, 12.0)	(286, 18.0)	(287, 31.0)	(288, 36.0)	(289, 28.0)	(290, 26.0)	(291, 32.0)	(292, 51.0)	(293, 77.0)	(294, 97.0)	(295, 180.0)	(296, 313.0)	(297, 302.0)	(298, 402.0)	(299, 376.0)	(300, 3289.0)	(301, 22993.0)
Gl-80_S38.R2	(280, 110.0)	(281, 91.0)	(282, 135.0)	(283, 102.0)	(284, 118.0)	(285, 185.0)	(286, 102.0)	(287, 242.0)	(288, 224.0)	(289, 275.0)	(290, 135.0)	(291, 302.0)	(292, 367.0)	(293, 578.0)	(294, 331.0)	(295, 442.0)	(296, 571.0)	(297, 669.0)	(298, 1726.0)	(299, 1523.0)	(300, 2395.0)	(301, 17721.0)
Gl-85_S39.R1	(280, 18.0)	(281, 46.0)	(282, 81.0)	(283, 29.0)	(284, 16.0)	(285, 65.0)	(286, 35.0)	(287, 91.0)	(288, 37.0)	(289, 98.0)	(290, 72.0)	(291, 172.0)	(292, 94.0)	(293, 160.0)	(294, 361.0)	(295, 195.0)	(296, 2520.0)	(297, 405.0)	(298, 919.0)	(299, 711.0)	(300, 9490.0)	(301, 16772.0)
Gl-85_S39.R2	(280, 95.0)	(281, 334.0)	(282, 228.0)	(283, 395.0)	(284, 207.0)	(285, 317.0)	(286, 123.0)	(287, 461.0)	(288, 301.0)	(289, 404.0)	(290, 233.0)	(291, 543.0)	(292, 1050.0)	(293, 861.0)	(294, 817.0)	(295, 319.0)	(296, 1256.0)	(297, 530.0)	(298, 1735.0)	(299, 1185.0)	(300, 3174.0)	(301, 17819.0)
Gl-86_S40.R1	(280, 17.0)	(281, 33.0)	(282, 144.0)	(283, 2.0)	(284, 3.0)	(285, 3.0)	(286, 5.0)	(287, 9.0)	(288, 9.0)	(289, 5.0)	(290, 16.0)	(291, 12.0)	(292, 8.0)	(293, 6.0)	(294, 17.0)	(295, 24.0)	(296, 63.0)	(297, 70.0)	(298, 63.0)	(299, 61.0)	(300, 500.0)	(301, 1867.0)
Gl-86_S40.R2	(280, 31.0)	(281, 44.0)	(282, 136.0)	(283, 23.0)	(284, 25.0)	(285, 25.0)	(286, 28.0)	(287, 38.0)	(288, 32.0)	(289, 28.0)	(290, 31.0)	(291, 35.0)	(292, 39.0)	(293, 68.0)	(294, 39.0)	(295, 52.0)	(296, 87.0)	(297, 127.0)	(298, 207.0)	(299, 201.0)	(300, 324.0)	(301, 1317.0)
Gl-88_S41.R1	(280, 4.0)	(281, 3.0)	(282, 9.0)	(283, 4.0)	(284, 11.0)	(285, 7.0)	(286, 5.0)	(287, 9.0)	(288, 13.0)	(289, 15.0)	(290, 18.0)	(291, 16.0)	(292, 20.0)	(293, 26.0)	(294, 56.0)	(295, 172.0)	(296, 186.0)	(297, 281.0)	(298, 194.0)	(299, 314.0)	(300, 1956.0)	(301, 7975.0)
Gl-88_S41.R2	(280, 73.0)	(281, 60.0)	(282, 101.0)	(283, 81.0)	(284, 119.0)	(285, 140.0)	(286, 84.0)	(287, 85.0)	(288, 194.0)	(289, 122.0)	(290, 119.0)	(291, 182.0)	(292, 378.0)	(293, 348.0)	(294, 326.0)	(295, 280.0)	(296, 236.0)	(297, 619.0)	(298, 733.0)	(299, 717.0)	(300, 1140.0)	(301, 5157.0)
I10_S77.R1	(280, 11.0)	(281, 13.0)	(282, 23.0)	(283, 6.0)	(284, 11.0)	(285, 11.0)	(286, 13.0)	(287, 8.0)	(288, 22.0)	(289, 17.0)	(290, 20.0)	(291, 24.0)	(292, 38.0)	(293, 63.0)	(294, 87.0)	(295, 110.0)	(296, 247.0)	(297, 205.0)	(298, 320.0)	(299, 266.0)	(300, 2748.0)	(301, 17258.0)
I10_S77.R2	(280, 81.0)	(281, 66.0)	(282, 91.0)	(283, 79.0)	(284, 88.0)	(285, 111.0)	(286, 83.0)	(287, 157.0)	(288, 195.0)	(289, 240.0)	(290, 120.0)	(291, 276.0)	(292, 282.0)	(293, 436.0)	(294, 291.0)	(295, 297.0)	(296, 441.0)	(297, 420.0)	(298, 1409.0)	(299, 1324.0)	(300, 2064.0)	(301, 12970.0)
I111_S52.R1	(280, 12.0)	(281, 22.0)	(282, 37.0)	(283, 21.0)	(284, 31.0)	(285, 22.0)	(286, 29.0)	(287, 25.0)	(288, 34.0)	(289, 33.0)	(290, 27.0)	(291, 37.0)	(292, 35.0)	(293, 62.0)	(294, 78.0)	(295, 100.0)	(296, 544.0)	(297, 290.0)	(298, 311.0)	(299, 423.0)	(300, 4927.0)	(301, 5287.0)
I111_S52.R2	(280, 82.0)	(281, 166.0)	(282, 199.0)	(283, 170.0)	(284, 133.0)	(285, 179.0)	(286, 149.0)	(287, 178.0)	(288, 231.0)	(289, 124.0)	(290, 128.0)	(291, 219.0)	(292, 195.0)	(293, 217.0)	(294, 163.0)	(295, 257.0)	(296, 779.0)	(297, 637.0)	(298, 722.0)	(299, 1213.0)	(300, 2293.0)	(301, 3953.0)
I113_S59.R1	(280, 26.0)	(281, 33.0)	(282, 68.0)	(283, 23.0)	(284, 28.0)	(285, 48.0)	(286, 24.0)	(287, 51.0)	(288, 49.0)	(289, 54.0)	(290, 54.0)	(291, 85.0)	(292, 98.0)	(293, 151.0)	(294, 189.0)	(295, 304.0)	(296, 1860.0)	(297, 917.0)	(298, 1047.0)	(299, 1464.0)	(300, 17957.0)	(301, 20915.0)
I113_S59.R2	(280, 308.0)	(281, 519.0)	(282, 715.0)	(283, 514.0)	(284, 465.0)	(285, 661.0)	(286, 527.0)	(287, 497.0)	(288, 756.0)	(289, 345.0)	(290, 423.0)	(291, 646.0)	(292, 718.0)	(293, 732.0)	(294, 475.0)	(295, 937.0)	(296, 2589.0)	(297, 2332.0)	(298, 2690.0)	(299, 4432.0)	(300, 7764.0)	(301, 16400.0)
I117_S53.R1	(280, 28.0)	(281, 51.0)	(282, 70.0)	(283, 60.0)	(284, 28.0)	(285, 75.0)	(286, 38.0)	(287, 138.0)	(288, 73.0)	(289, 121.0)	(290, 119.0)	(291, 230.0)	(292, 108.0)	(293, 170.0)	(294, 464.0)	(295, 266.0)	(296, 3652.0)	(297, 614.0)	(298, 1378.0)	(299, 1119.0)	(300, 16412.0)	(301, 21656.0)
I117_S53.R2	(280, 130.0)	(281, 642.0)	(282, 301.0)	(283, 713.0)	(284, 285.0)	(285, 556.0)	(286, 172.0)	(287, 793.0)	(288, 487.0)	(289, 611.0)	(290, 378.0)	(291, 910.0)	(292, 1828.0)	(293, 1385.0)	(294, 1214.0)	(295, 388.0)	(296, 2178.0)	(297, 790.0)	(298, 2548.0)	(299, 1503.0)	(300, 4707.0)	(301, 24351.0)
I11_S78.R1	(280, 10.0)	(281, 19.0)	(282, 25.0)	(283, 11.0)	(284, 26.0)	(285, 23.0)	(286, 14.0)	(287, 34.0)	(288, 49.0)	(289, 52.0)	(290, 22.0)	(291, 69.0)	(292, 83.0)	(293, 226.0)	(294, 161.0)	(295, 540.0)	(296, 3619.0)	(297, 1445.0)	(298, 910.0)	(299, 1093.0)	(300, 9088.0)	(301, 29395.0)
I11_S78.R2	(280, 322.0)	(281, 827.0)	(282, 272.0)	(283, 504.0)	(284, 297.0)	(285, 400.0)	(286, 361.0)	(287, 1108.0)	(288, 1413.0)	(289, 624.0)	(290, 406.0)	(291, 576.0)	(292, 688.0)	(293, 1426.0)	(294, 561.0)	(295, 1649.0)	(296, 3864.0)	(297, 3284.0)	(298, 3700.0)	(299, 2489.0)	(300, 3675.0)	(301, 18468.0)
I13_S67.R1	(280, 9.0)	(281, 7.0)	(282, 15.0)	(283, 8.0)	(284, 26.0)	(285, 17.0)	(286, 18.0)	(287, 24.0)	(288, 25.0)	(289, 23.0)	(290, 25.0)	(291, 42.0)	(292, 57.0)	(293, 91.0)	(294, 141.0)	(295, 218.0)	(296, 376.0)	(297, 323.0)	(298, 549.0)	(299, 484.0)	(300, 3958.0)	(301, 27367.0)
I13_S67.R2	(280, 137.0)	(281, 88.0)	(282, 141.0)	(283, 141.0)	(284, 142.0)	(285, 169.0)	(286, 153.0)	(287, 236.0)	(288, 293.0)	(289, 307.0)	(290, 151.0)	(291, 399.0)	(292, 471.0)	(293, 602.0)	(294, 432.0)	(295, 485.0)	(296, 685.0)	(297, 647.0)	(298, 2186.0)	(299, 1924.0)	(300, 3137.0)	(301, 20877.0)
I14_S68.R1	(281, 3.0)	(282, 3.0)	(283, 1.0)	(284, 2.0)	(285, 2.0)	(286, 1.0)	(287, 4.0)	(288, 1.0)	(289, 1.0)	(290, 4.0)	(291, 6.0)	(292, 4.0)	(293, 0.0)	(294, 5.0)	(295, 17.0)	(296, 47.0)	(297, 31.0)	(298, 29.0)	(299, 43.0)	(300, 313.0)	(301, 1432.0)	
I14_S68.R2	(280, 4.0)	(281, 10.0)	(282, 7.0)	(283, 18.0)	(284, 16.0)	(285, 13.0)	(286, 14.0)	(287, 24.0)	(288, 17.0)	(289, 21.0)	(290, 14.0)	(291, 20.0)	(292, 25.0)	(293, 65.0)	(294, 37.0)	(295, 43.0)	(296, 79.0)	(297, 76.0)	(298, 149.0)	(299, 164.0)	(300, 289.0)	(301, 844.0)
I15_S69.R1	(280, 15.0)	(281, 9.0)	(282, 20.0)	(283, 7.0)	(284, 15.0)	(285, 12.0)	(286, 18.0)	(287, 28.0)	(288, 30.0)	(289, 26.0)	(290, 18.0)	(291, 56.0)	(292, 45.0)	(293, 78.0)	(294, 96.0)	(295, 197.0)	(296, 316.0)	(297, 275.0)	(298, 377.0)	(299, 405.0)	(300, 3820.0)	(301, 21633.0)
I15_S69.R2	(280, 114.0)	(281, 97.0)	(282, 142.0)	(283, 94.0)	(284, 126.0)	(285, 157.0)	(286, 127.0)	(287, 207.0)	(288, 246.0)	(289, 263.0)	(290, 150.0)	(291, 381.0)	(292, 433.0)	(293, 540.0)	(294, 358.0)	(295, 440.0)	(296, 631.0)	(297, 603.0)	(298, 1672.0)	(299, 1438.0)	(300, 2286.0)	(301, 16991.0)
I16_S70.R1	(280, 1.0)	(281, 2.0)	(282, 3.0)	(283, 3.0)	(284, 2.0)	(285, 2.0)	(286, 4.0)	(287, 6.0)	(288, 9.0)	(289, 9.0)	(290, 7.0)	(291, 12.0)	(292, 7.0)	(293, 11.0)	(294, 17.0)	(295, 42.0)	(296, 69.0)	(297, 87.0)	(298, 131.0)	(299, 104.0)	(300, 803.0)	(301, 6199.0)
I16_S70.R2	(280, 28.0)	(281, 23.0)	(282, 37.0)	(283, 29.0)	(284, 20.0)	(285, 38.0)	(286, 26.0)	(287, 53.0)	(288, 52.0)	(289, 75.0)	(290, 32.0)	(291, 97.0)	(292, 61.0)	(293, 135.0)	(294, 84.0)	(295, 105.0)	(296, 169.0)	(297, 161.0)	(298, 499.0)	(299, 501.0)	(300, 810.0)	(301, 4495.0)
I17_S71.R1	(280, 7.0)	(281, 3.0)	(282, 22.0)	(283, 29.0)	(284, 6.0)	(285, 7.0)	(286, 2.0)	(287, 10.0)	(288, 9.0)	(289, 7.0)	(290, 6.0)	(291, 22.0)	(292, 10.0)	(293, 19.0)	(294, 17.0)	(295, 44.0)	(296, 93.0)	(297, 64.0)	(298, 137.0)	(299, 107.0)	(300, 821.0)	(301, 5786.0)
I17_S71.R2	(280, 42.0)	(281, 28.0)	(282, 44.0)	(283, 57.0)	(284, 37.0)	(285, 38.0)	(286, 41.0)	(287, 56.0)	(288, 65.0)	(289, 58.0)	(290, 41.0)	(291, 76.0)	(292, 81.0)	(293, 131.0)	(294, 101.0)	(295, 128.0)	(296, 155.0)	(297, 164.0)	(298, 523.0)	(299, 506.0)	(300, 757.0)	(301, 4099.0)
I18_S72.R1	(280, 3.0)	(281, 0.0)	(282, 2.0)	(283, 5.0)	(284, 2.0)	(285, 5.0)	(286, 5.0)	(287, 2.0)	(288, 8.0)	(289, 5.0)	(290, 4.0)	(291, 6.0)	(292, 10.0)	(293, 31.0)	(294, 15.0)	(295, 54.0)	(296, 385.0)	(297, 170.0)	(298, 102.0)	(299, 101.0)	(300, 822.0)	(301, 1544.0)
I18_S72.R2	(280, 41.0)	(281, 82.0)	(282, 23.0)	(283, 37.0)	(284, 33.0)	(285, 34.0)	(286, 43.0)	(287, 111.0)	(288, 145.0)	(289, 57.0)	(290, 50.0)	(291, 39.0)	(292, 40.0)	(293, 139.0)	(294, 41.0)	(295, 171.0)	(296, 441.0)	(297, 380.0)	(298, 279.0)	(299, 170.0)	(300, 286.0)	(301, 639.0)
I19_S73.R1	(280, 7.0)	(281, 18.0)	(282, 57.0)	(283, 2.0)	(284, 2.0)	(285, 0.0)	(286, 2.0)	(287, 0.0)	(288, 4.0)	(289, 2.0)	(290, 3.0)	(291, 4.0)	(292, 8.0)	(293, 7.0)	(294, 17.0)	(295, 31.0)	(296, 35.0)	(297, 87.0)	(298, 58.0)	(299, 50.0)	(300, 278.0)	(301, 742.0)
I19_S73.R2	(280, 20.0)	(281, 18.0)	(282, 60.0)	(283, 18.0)	(284, 8.0)	(285, 15.0)	(286, 8.0)	(287, 16.0)	(288, 17.0)	(289, 14.0)	(290, 31.0)	(291, 61.0)	(292, 32.0)	(293, 36.0)	(294, 24.0)	(295, 46.0)	(296, 56.0)	(297, 58.0)	(298, 170.0)	(299, 90.0)	(300, 233.0)	(301, 383.0)
I24_S49.R1	(280, 11.0)	(281, 22.0)	(282, 24.0)	(283, 9.0)	(284, 8.0)	(285, 16.0)	(286, 12.0)	(287, 15.0)	(288, 16.0)	(289, 18.0)	(290, 20.0)	(291, 31.0)	(292, 44.0)	(293, 89.0)	(294, 89.0)	(295, 171.0)	(296, 346.0)	(297, 257.0)	(298, 375.0)	(299, 354.0)	(300, 2886.0)	(301, 23453.0)
I24_S49.R2	(280, 116.0)	(281, 96.0)	(282, 126.0)	(283, 126.0)	(284, 138.0)	(285, 142.0)	(286, 121.0)	(287, 234.0)	(288, 257.0)	(289, 288.0)	(290, 119.0)	(291, 274.0)	(292, 383.0)	(293, 564.0)	(294, 380.0)	(295, 398.0)	(296, 598.0)	(297, 615.0)	(298, 1939.0)	(299, 1773.0)	(300, 2666.0)	(301, 16913.0)
I28_S74.R1	(280, 4.0)	(281, 5.0)	(282, 38.0)	(283, 7.0)	(284, 6.0)	(285, 3.0)	(286, 8.0)	(287, 3.0)	(288, 6.0)	(289, 7.0)	(290, 13.0)	(291, 11.0)	(292, 16.0)	(293, 20.0)	(294, 22.0)	(295, 45.0)	(296, 70.0)	(297, 88.0)	(298, 121.0)	(299, 98.0)	(300, 637.0)	(301, 3523.0)
I28_S74.R2	(280, 26.0)	(281, 27.0)	(282, 51.0)	(283, 21.0)	(284, 27.0)	(285, 29.0)	(286, 20.0)	(287, 38.0)	(288, 47.0)	(289, 59.0)	(290, 34.0)	(291, 55.0)	(292, 72.0)	(293, 113.0)	(294, 70.0)	(295, 72.0)	(296, 130.0)	(297, 155.0)	(298, 381.0)	(299, 318.0)	(300, 498.0)	(301, 2508.0)
I29_S75.R1	(280, 9.0)	(281, 19.0)	(282, 24.0)	(283, 7.0)	(284, 12.0)	(285, 13.0)	(286, 11.0)	(287, 21.0)	(288, 25.0)	(289, 15.0)	(290, 21.0)	(291, 33.0)	(292, 32.0)	(293, 55.0)	(294, 74.0)	(295, 103.0)	(296, 215.0)	(297, 206.0)	(298, 316.0)	(299, 211.0)	(300, 2194.0)	(301, 15922.0)
I29_S75.R2	(280, 90.0)	(281, 66.0)	(282, 87.0)	(283, 70.0)	(284, 94.0)	(285, 90.0)	(286, 71.0)	(287, 148.0)	(288, 184.0)	(289, 182.0)	(290, 109.0)	(291, 224.0)	(292, 250.0)	(293, 353.0)	(294, 273.0)	(295, 292.0)	(296, 325.0)	(297, 403.0)	(298, 1339.0)	(299, 1165.0)	(300, 1817.0)	(301, 11906.0)
I2_S60.R1	(280, 6.0)	(281, 9.0)	(282, 12.0)	(283, 4.0)	(284, 3.0)	(285, 10.0)	(286, 8.0)	(287, 13.0)	(288, 18.0)	(289, 7.0)	(290, 10.0)	(291, 17.0)	(292, 21.0)	(293, 24.0)	(294, 45.0)	(295, 82.0)	(296, 126.0)	(297, 103.0)	(298, 220.0)	(299, 183.0)	(300, 1297.0)	(301, 9677.0)
I2_S60.R2	(280, 42.0)	(281, 25.0)	(282, 63.0)	(283, 63.0)	(284, 42.0)	(285, 75.0)	(286, 58.0)	(287, 96.0)	(288, 118.0)	(289, 114.0)	(290, 62.0)	(291, 123.0)	(292, 120.0)	(293, 251.0)	(294, 151.0)	(295, 172.0)	(296, 214.0)	(297, 280.0)	(298, 886.0)	(299, 765.0)	(300, 1087.0)	(301, 7088.0)
I35_S50.R1	(280, 11.0)	(281, 11.0)	(282, 46.0)	(283, 10.0)	(284, 10.0)	(285, 14.0)	(286, 12.0)	(287, 17.0)	(288, 21.0)	(289, 27.0)	(290, 34.0)	(291, 94.0)	(292, 85.0)	(293, 196.0)	(294, 189.0)	(295, 425.0)	(296, 864.0)	(297, 568.0)	(298, 479.0)	(299, 617.0)	(300, 6092.0)	(301, 18723.0)
I35_S50.R2	(280, 119.0)	(281, 136.0)	(282, 200.0)	(283, 150.0)	(284, 155.0)	(285, 178.0)	(286, 160.0)	(287, 279.0)	(288, 368.0)	(289, 627.0)	(290, 389.0)	(291, 955.0)	(292, 991.0)	(293, 1290.0)	(294, 1048.0)	(295, 772.0)	(296, 811.0)	(297, 737.0)	(298, 1315.0)	(299, 1391.0)	(300, 2969.0)	(301, 13505.0)
I36_S51.R1	(280, 1.0)	(281, 14.0)	(282, 15.0)	(283, 5.0)	(284, 7.0)	(285, 9.0)	(286, 18.0)	(287, 16.0)	(288, 22.0)	(289, 12.0)	(290, 15.0)	(291, 32.0)	(292, 36.0)	(293, 49.0)	(294, 83.0)	(295, 123.0)	(296, 228.0)	(297, 203.0)	(298, 395.0)	(299, 285.0)	(300, 2312.0)	(301, 18752.0)
I36_S51.R2	(280, 95.0)	(281, 51.0)	(282, 90.0)	(283, 80.0)	(284, 86.0)	(285, 89.0)	(286, 100.0)	(287, 175.0)	(288, 211.0)	(289, 217.0)	(290, 103.0)	(291, 274.0)	(292, 307.0)	(293, 401.0)	(294, 283.0)	(295, 335.0)	(296, 402.0)	(297, 417.0)	(298, 1558.0)	(299, 1419.0)	(300, 2203.0)	(301, 13736.0)
I3_S61.R1	(280, 8.0)	(281, 19.0)	(282, 13.0)	(283, 7.0)	(284, 10.0)	(285, 11.0)	(286, 11.0)	(287, 17.0)	(288, 19.0)	(289, 28.0)	(290, 25.0)	(291, 36.0)	(292, 45.0)	(293, 66.0)	(294, 58.0)	(295, 128.0)	(296, 260.0)	(297, 226.0)	(298, 347.0)	(299, 305.0)	(300, 2812.0)	(301, 21362.0)
I3_S61.R2	(280, 109.0)	(281, 104.0)	(282, 73.0)	(283, 73.0)	(284, 102.0)	(285, 122.0)	(286, 93.0)	(287, 183.0)	(288, 181.0)	(289, 245.0)	(290, 113.0)	(291, 239.0)	(292, 330.0)	(293, 422.0)	(294, 307.0)	(295, 380.0)	(296, 469.0)	(297, 519.0)	(298, 1611.0)	(299, 1429.0)	(300, 2333.0)	(301, 16376.0)
I4_S62.R1	(280, 6.0)	(281, 1.0)	(282, 4.0)	(283, 2.0)	(284, 3.0)	(285, 4.0)	(286, 6.0)	(287, 3.0)	(288, 5.0)	(289, 9.0)	(290, 10.0)	(291, 7.0)	(292, 15.0)	(293, 31.0)	(294, 19.0)	(295, 78.0)	(296, 95.0)	(297, 151.0)	(298, 119.0)	(299, 86.0)	(300, 1041.0)	(301, 3267.0)
I4_S62.R2	(280, 31.0)	(281, 26.0)	(282, 41.0)	(283, 27.0)	(284, 36.0)	(285, 36.0)	(286, 52.0)	(287, 39.0)	(288, 68.0)	(289, 32.0)	(290, 42.0)	(291, 43.0)	(292, 92.0)	(293, 127.0)	(294, 64.0)	(295, 115.0)	(296, 234.0)	(297, 191.0)	(298, 325.0)	(299, 382.0)	(300, 829.0)	(301, 2130.0)
I50_S54.R1	(280, 7.0)	(281, 25.0)	(282, 25.0)	(283, 8.0)	(284, 6.0)	(285, 7.0)	(286, 10.0)	(287, 16.0)	(288, 23.0)	(289, 14.0)	(290, 22.0)	(291, 43.0)	(292, 46.0)	(293, 118.0)	(294, 108.0)	(295, 290.0)	(296, 1370.0)	(297, 638.0)	(298, 553.0)	(299, 628.0)	(300, 5439.0)	(301, 22894.0)
I50_S54.R2	(280, 170.0)	(281, 298.0)	(282, 147.0)	(283, 214.0)	(284, 141.0)	(285, 245.0)	(286, 197.0)	(287, 489.0)	(288, 658.0)	(289, 334.0)	(290, 236.0)	(291, 430.0)	(292, 515.0)	(293, 845.0)	(294, 364.0)	(295, 840.0)	(296, 1607.0)	(297, 1540.0)	(298, 2239.0)	(299, 1566.0)	(300, 2545.0)	(301, 16670.0)
I51_S55.R1	(280, 7.0)	(281, 5.0)	(282, 11.0)	(283, 4.0)	(284, 5.0)	(285, 10.0)	(286, 12.0)	(287, 7.0)	(288, 16.0)	(289, 19.0)	(290, 20.0)	(291, 18.0)	(292, 38.0)	(293, 77.0)	(294, 46.0)	(295, 232.0)	(296, 992.0)	(297, 597.0)	(298, 349.0)	(299, 346.0)	(300, 3147.0)	(301, 8634.0)
I51_S55.R2	(280, 158.0)	(281, 293.0)	(282, 118.0)	(283, 184.0)	(284, 106.0)	(285, 154.0)	(286, 149.0)	(287, 385.0)	(288, 550.0)	(289, 184.0)	(290, 156.0)	(291, 148.0)	(292, 207.0)	(293, 487.0)	(294, 178.0)	(295, 676.0)	(296, 1139.0)	(297, 1367.0)	(298, 1239.0)	(299, 798.0)	(300, 1298.0)	(301, 4618.0)
I52_S56.R1	(280, 13.0)	(281, 14.0)	(282, 24.0)	(283, 9.0)	(284, 15.0)	(285, 17.0)	(286, 15.0)	(287, 20.0)	(288, 24.0)	(289, 19.0)	(290, 18.0)	(291, 34.0)	(292, 42.0)	(293, 82.0)	(294, 90.0)	(295, 159.0)	(296, 320.0)	(297, 313.0)	(298, 382.0)	(299, 393.0)	(300, 3319.0)	(301, 24306.0)
I52_S56.R2	(280, 111.0)	(281, 92.0)	(282, 141.0)	(283, 130.0)	(284, 128.0)	(285, 131.0)	(286, 121.0)	(287, 233.0)	(288, 240.0)	(289, 295.0)	(290, 147.0)	(291, 296.0)	(292, 389.0)	(293, 545.0)	(294, 405.0)	(295, 462.0)	(296, 616.0)	(297, 610.0)	(298, 1989.0)	(299, 1792.0)	(300, 2748.0)	(301, 18007.0)
I56_S57.R1	(280, 9.0)	(281, 13.0)	(282, 20.0)	(283, 7.0)	(284, 16.0)	(285, 15.0)	(286, 17.0)	(287, 19.0)	(288, 19.0)	(289, 17.0)	(290, 18.0)	(291, 31.0)	(292, 42.0)	(293, 87.0)	(294, 86.0)	(295, 162.0)	(296, 335.0)	(297, 258.0)	(298, 327.0)	(299, 361.0)	(300, 3123.0)	(301, 18063.0)
I56_S57.R2	(280, 99.0)	(281, 93.0)	(282, 98.0)	(283, 99.0)	(284, 110.0)	(285, 132.0)	(286, 90.0)	(287, 160.0)	(288, 214.0)	(289, 209.0)	(290, 118.0)	(291, 254.0)	(292, 347.0)	(293, 492.0)	(294, 298.0)	(295, 324.0)	(296, 510.0)	(297, 478.0)	(298, 1440.0)	(299, 1205.0)	(300, 1947.0)	(301, 14328.0)
I57_S58.R1	(280, 4.0)	(281, 4.0)	(282, 7.0)	(283, 2.0)	(284, 7.0)	(285, 6.0)	(286, 4.0)	(287, 6.0)	(288, 11.0)	(289, 15.0)	(290, 7.0)	(291, 16.0)	(292, 17.0)	(293, 26.0)	(294, 21.0)	(295, 51.0)	(296, 85.0)	(297, 70.0)	(298, 175.0)	(299, 139.0)	(300, 1036.0)	(301, 5769.0)
I57_S58.R2	(280, 25.0)	(281, 22.0)	(282, 32.0)	(283, 41.0)	(284, 38.0)	(285, 37.0)	(286, 23.0)	(287, 57.0)	(288, 55.0)	(289, 72.0)	(290, 48.0)	(291, 84.0)	(292, 98.0)	(293, 147.0)	(294, 102.0)	(295, 113.0)	(296, 143.0)	(297, 182.0)	(298, 533.0)	(299, 454.0)	(300, 604.0)	(301, 4568.0)
I5_S63.R1	(280, 10.0)	(281, 9.0)	(282, 21.0)	(283, 8.0)	(284, 27.0)	(285, 11.0)	(286, 14.0)	(287, 22.0)	(288, 20.0)	(289, 22.0)	(290, 19.0)	(291, 32.0)	(292, 47.0)	(293, 84.0)	(294, 84.0)	(295, 168.0)	(296, 306.0)	(297, 237.0)	(298, 396.0)	(299, 406.0)	(300, 3445.0)	(301, 21992.0)
I5_S63.R2	(280, 107.0)	(281, 76.0)	(282, 111.0)	(283, 94.0)	(284, 123.0)	(285, 149.0)	(286, 93.0)	(287, 196.0)	(288, 238.0)	(289, 282.0)	(290, 135.0)	(291, 349.0)	(292, 429.0)	(293, 531.0)	(294, 366.0)	(295, 425.0)	(296, 580.0)	(297, 543.0)	(298, 1706.0)	(299, 1556.0)	(300, 2366.0)	(301, 16925.0)
I6_S64.R1	(280, 16.0)	(281, 37.0)	(282, 38.0)	(283, 14.0)	(284, 18.0)	(285, 22.0)	(286, 20.0)	(287, 31.0)	(288, 33.0)	(289, 36.0)	(290, 35.0)	(291, 39.0)	(292, 56.0)	(293, 84.0)	(294, 105.0)	(295, 158.0)	(296, 282.0)	(297, 309.0)	(298, 528.0)	(299, 447.0)	(300, 3266.0)	(301, 26153.0)
I6_S64.R2	(280, 133.0)	(281, 106.0)	(282, 144.0)	(283, 117.0)	(284, 155.0)	(285, 177.0)	(286, 142.0)	(287, 276.0)	(288, 280.0)	(289, 356.0)	(290, 167.0)	(291, 304.0)	(292, 350.0)	(293, 583.0)	(294, 376.0)	(295, 426.0)	(296, 492.0)	(297, 672.0)	(298, 2276.0)	(299, 1973.0)	(300, 2888.0)	(301, 19334.0)
I7_S65.R1	(281, 3.0)	(282, 2.0)	(283, 3.0)	(284, 1.0)	(285, 1.0)	(286, 1.0)	(287, 1.0)	(288, 3.0)	(289, 6.0)	(290, 7.0)	(291, 2.0)	(292, 2.0)	(293, 2.0)	(294, 5.0)	(295, 10.0)	(296, 24.0)	(297, 27.0)	(298, 21.0)	(299, 34.0)	(300, 243.0)	(301, 766.0)	
I7_S65.R2	(280, 1.0)	(281, 8.0)	(282, 7.0)	(283, 14.0)	(284, 9.0)	(285, 13.0)	(286, 5.0)	(287, 11.0)	(288, 12.0)	(289, 9.0)	(290, 17.0)	(291, 14.0)	(292, 11.0)	(293, 46.0)	(294, 16.0)	(295, 42.0)	(296, 58.0)	(297, 59.0)	(298, 69.0)	(299, 112.0)	(300, 188.0)	(301, 443.0)
I8_S66.R1	(280, 13.0)	(281, 10.0)	(282, 8.0)	(283, 10.0)	(284, 9.0)	(285, 10.0)	(286, 13.0)	(287, 8.0)	(288, 19.0)	(289, 21.0)	(290, 29.0)	(291, 66.0)	(292, 55.0)	(293, 113.0)	(294, 154.0)	(295, 256.0)	(296, 493.0)	(297, 327.0)	(298, 502.0)	(299, 535.0)	(300, 4868.0)	(301, 24223.0)
I8_S66.R2	(280, 117.0)	(281, 90.0)	(282, 146.0)	(283, 123.0)	(284, 137.0)	(285, 161.0)	(286, 115.0)	(287, 228.0)	(288, 254.0)	(289, 275.0)	(290, 187.0)	(291, 494.0)	(292, 611.0)	(293, 707.0)	(294, 482.0)	(295, 573.0)	(296, 749.0)	(297, 656.0)	(298, 1975.0)	(299, 1829.0)	(300, 2665.0)	(301, 19168.0)
I9_S76.R1	(280, 1.0)	(281, 1.0)	(282, 8.0)	(283, 0.0)	(284, 0.0)	(285, 0.0)	(286, 1.0)	(287, 5.0)	(288, 1.0)	(289, 1.0)	(290, 7.0)	(291, 6.0)	(292, 3.0)	(293, 6.0)	(294, 6.0)	(295, 11.0)	(296, 36.0)	(297, 29.0)	(298, 35.0)	(299, 51.0)	(300, 288.0)	(301, 983.0)
I9_S76.R2	(280, 3.0)	(281, 10.0)	(282, 15.0)	(283, 13.0)	(284, 15.0)	(285, 8.0)	(286, 10.0)	(287, 13.0)	(288, 11.0)	(289, 10.0)	(290, 13.0)	(291, 21.0)	(292, 7.0)	(293, 50.0)	(294, 24.0)	(295, 51.0)	(296, 71.0)	(297, 77.0)	(298, 90.0)	(299, 170.0)	(300, 259.0)	(301, 538.0)
