Sample	0	1	2	3	4	5	6	7	8	9	10	11	12	13	14	15	16	17	18	19	20	21	22	23	24	25	26
GI-103_S80.R1	(18.0, 1.0)	(19.0, 1.0)	(20.0, 1.0)	(21.0, 0.0)	(22.0, 3.0)	(23.0, 2.0)	(24.0, 9.0)	(25.0, 6.0)	(26.0, 20.0)	(27.0, 39.0)	(28.0, 44.0)	(29.0, 83.0)	(30.0, 126.0)	(31.0, 205.0)	(32.0, 351.0)	(33.0, 576.0)	(34.0, 1029.0)	(35.0, 2427.0)	(36.0, 8083.0)	(37.0, 10558.0)							
GI-103_S80.R2	(12.0, 1.0)	(13.0, 0.0)	(14.0, 0.0)	(15.0, 4.0)	(16.0, 16.0)	(17.0, 39.0)	(18.0, 77.0)	(19.0, 82.0)	(20.0, 131.0)	(21.0, 168.0)	(22.0, 211.0)	(23.0, 245.0)	(24.0, 279.0)	(25.0, 361.0)	(26.0, 485.0)	(27.0, 580.0)	(28.0, 824.0)	(29.0, 1207.0)	(30.0, 1691.0)	(31.0, 2492.0)	(32.0, 3636.0)	(33.0, 4836.0)	(34.0, 4282.0)	(35.0, 1764.0)	(36.0, 152.0)	(37.0, 1.0)	
GI-59_S79.R1	(19.0, 1.0)	(20.0, 3.0)	(21.0, 0.0)	(22.0, 1.0)	(23.0, 7.0)	(24.0, 7.0)	(25.0, 15.0)	(26.0, 36.0)	(27.0, 59.0)	(28.0, 81.0)	(29.0, 143.0)	(30.0, 197.0)	(31.0, 296.0)	(32.0, 453.0)	(33.0, 791.0)	(34.0, 1403.0)	(35.0, 3381.0)	(36.0, 12279.0)	(37.0, 12141.0)								
GI-59_S79.R2	(14.0, 1.0)	(15.0, 3.0)	(16.0, 7.0)	(17.0, 38.0)	(18.0, 53.0)	(19.0, 92.0)	(20.0, 124.0)	(21.0, 144.0)	(22.0, 183.0)	(23.0, 226.0)	(24.0, 286.0)	(25.0, 337.0)	(26.0, 478.0)	(27.0, 609.0)	(28.0, 824.0)	(29.0, 1249.0)	(30.0, 1838.0)	(31.0, 3033.0)	(32.0, 4769.0)	(33.0, 7157.0)	(34.0, 6943.0)	(35.0, 2701.0)	(36.0, 189.0)	(37.0, 10.0)			
Gl-104_S42.R1	(19.0, 2.0)	(20.0, 2.0)	(21.0, 2.0)	(22.0, 1.0)	(23.0, 1.0)	(24.0, 6.0)	(25.0, 10.0)	(26.0, 20.0)	(27.0, 39.0)	(28.0, 64.0)	(29.0, 88.0)	(30.0, 124.0)	(31.0, 188.0)	(32.0, 320.0)	(33.0, 507.0)	(34.0, 870.0)	(35.0, 1816.0)	(36.0, 6051.0)	(37.0, 8688.0)								
Gl-104_S42.R2	(12.0, 1.0)	(13.0, 0.0)	(14.0, 0.0)	(15.0, 5.0)	(16.0, 28.0)	(17.0, 53.0)	(18.0, 94.0)	(19.0, 109.0)	(20.0, 146.0)	(21.0, 176.0)	(22.0, 201.0)	(23.0, 232.0)	(24.0, 274.0)	(25.0, 341.0)	(26.0, 459.0)	(27.0, 574.0)	(28.0, 780.0)	(29.0, 1055.0)	(30.0, 1468.0)	(31.0, 2041.0)	(32.0, 2841.0)	(33.0, 3509.0)	(34.0, 2986.0)	(35.0, 1287.0)	(36.0, 136.0)	(37.0, 3.0)	
Gl-111_S43.R1	(18.0, 1.0)	(19.0, 0.0)	(20.0, 0.0)	(21.0, 1.0)	(22.0, 0.0)	(23.0, 2.0)	(24.0, 2.0)	(25.0, 5.0)	(26.0, 3.0)	(27.0, 6.0)	(28.0, 7.0)	(29.0, 14.0)	(30.0, 25.0)	(31.0, 51.0)	(32.0, 63.0)	(33.0, 131.0)	(34.0, 213.0)	(35.0, 481.0)	(36.0, 1353.0)	(37.0, 1692.0)							
Gl-111_S43.R2	(16.0, 4.0)	(17.0, 6.0)	(18.0, 11.0)	(19.0, 22.0)	(20.0, 16.0)	(21.0, 30.0)	(22.0, 22.0)	(23.0, 33.0)	(24.0, 49.0)	(25.0, 52.0)	(26.0, 94.0)	(27.0, 107.0)	(28.0, 184.0)	(29.0, 322.0)	(30.0, 427.0)	(31.0, 463.0)	(32.0, 508.0)	(33.0, 669.0)	(34.0, 617.0)	(35.0, 347.0)	(36.0, 64.0)	(37.0, 3.0)					
Gl-114_S44.R1	(20.0, 1.0)	(21.0, 1.0)	(22.0, 0.0)	(23.0, 2.0)	(24.0, 3.0)	(25.0, 3.0)	(26.0, 0.0)	(27.0, 4.0)	(28.0, 8.0)	(29.0, 7.0)	(30.0, 16.0)	(31.0, 23.0)	(32.0, 40.0)	(33.0, 84.0)	(34.0, 167.0)	(35.0, 274.0)	(36.0, 467.0)	(37.0, 225.0)									
Gl-114_S44.R2	(16.0, 1.0)	(17.0, 1.0)	(18.0, 2.0)	(19.0, 3.0)	(20.0, 5.0)	(21.0, 1.0)	(22.0, 3.0)	(23.0, 6.0)	(24.0, 15.0)	(25.0, 14.0)	(26.0, 19.0)	(27.0, 53.0)	(28.0, 123.0)	(29.0, 277.0)	(30.0, 306.0)	(31.0, 203.0)	(32.0, 89.0)	(33.0, 45.0)	(34.0, 55.0)	(35.0, 77.0)	(36.0, 27.0)						
Gl-121_S45.R1	(18.0, 3.0)	(19.0, 1.0)	(20.0, 2.0)	(21.0, 2.0)	(22.0, 2.0)	(23.0, 8.0)	(24.0, 4.0)	(25.0, 9.0)	(26.0, 25.0)	(27.0, 39.0)	(28.0, 53.0)	(29.0, 91.0)	(30.0, 134.0)	(31.0, 195.0)	(32.0, 315.0)	(33.0, 492.0)	(34.0, 919.0)	(35.0, 1856.0)	(36.0, 5866.0)	(37.0, 11532.0)							
Gl-121_S45.R2	(15.0, 3.0)	(16.0, 40.0)	(17.0, 88.0)	(18.0, 139.0)	(19.0, 161.0)	(20.0, 183.0)	(21.0, 229.0)	(22.0, 248.0)	(23.0, 275.0)	(24.0, 340.0)	(25.0, 461.0)	(26.0, 550.0)	(27.0, 665.0)	(28.0, 949.0)	(29.0, 1160.0)	(30.0, 1666.0)	(31.0, 2229.0)	(32.0, 3046.0)	(33.0, 3812.0)	(34.0, 3538.0)	(35.0, 1614.0)	(36.0, 151.0)	(37.0, 1.0)				
Gl-124_S46.R1	(18.0, 1.0)	(19.0, 1.0)	(20.0, 0.0)	(21.0, 0.0)	(22.0, 3.0)	(23.0, 7.0)	(24.0, 9.0)	(25.0, 14.0)	(26.0, 21.0)	(27.0, 40.0)	(28.0, 51.0)	(29.0, 88.0)	(30.0, 131.0)	(31.0, 222.0)	(32.0, 339.0)	(33.0, 511.0)	(34.0, 890.0)	(35.0, 1812.0)	(36.0, 5563.0)	(37.0, 11110.0)							
Gl-124_S46.R2	(14.0, 3.0)	(15.0, 3.0)	(16.0, 24.0)	(17.0, 65.0)	(18.0, 121.0)	(19.0, 133.0)	(20.0, 200.0)	(21.0, 183.0)	(22.0, 281.0)	(23.0, 308.0)	(24.0, 322.0)	(25.0, 414.0)	(26.0, 509.0)	(27.0, 660.0)	(28.0, 801.0)	(29.0, 1134.0)	(30.0, 1437.0)	(31.0, 2059.0)	(32.0, 2734.0)	(33.0, 3691.0)	(34.0, 3804.0)	(35.0, 1782.0)	(36.0, 145.0)				
Gl-125_S47.R1	(18.0, 6.0)	(19.0, 7.0)	(20.0, 4.0)	(21.0, 7.0)	(22.0, 8.0)	(23.0, 9.0)	(24.0, 13.0)	(25.0, 30.0)	(26.0, 34.0)	(27.0, 90.0)	(28.0, 108.0)	(29.0, 236.0)	(30.0, 285.0)	(31.0, 453.0)	(32.0, 704.0)	(33.0, 1122.0)	(34.0, 1884.0)	(35.0, 3895.0)	(36.0, 12698.0)	(37.0, 26806.0)							
Gl-125_S47.R2	(14.0, 2.0)	(15.0, 11.0)	(16.0, 52.0)	(17.0, 148.0)	(18.0, 220.0)	(19.0, 329.0)	(20.0, 391.0)	(21.0, 446.0)	(22.0, 544.0)	(23.0, 615.0)	(24.0, 737.0)	(25.0, 846.0)	(26.0, 1037.0)	(27.0, 1403.0)	(28.0, 1716.0)	(29.0, 2408.0)	(30.0, 3081.0)	(31.0, 4425.0)	(32.0, 6449.0)	(33.0, 8772.0)	(34.0, 9395.0)	(35.0, 4941.0)	(36.0, 430.0)	(37.0, 1.0)			
Gl-14_S2.R1	(20.0, 1.0)	(21.0, 0.0)	(22.0, 1.0)	(23.0, 0.0)	(24.0, 1.0)	(25.0, 3.0)	(26.0, 3.0)	(27.0, 6.0)	(28.0, 11.0)	(29.0, 6.0)	(30.0, 15.0)	(31.0, 34.0)	(32.0, 40.0)	(33.0, 64.0)	(34.0, 125.0)	(35.0, 282.0)	(36.0, 779.0)	(37.0, 1023.0)									
Gl-14_S2.R2	(17.0, 7.0)	(18.0, 7.0)	(19.0, 12.0)	(20.0, 8.0)	(21.0, 19.0)	(22.0, 13.0)	(23.0, 16.0)	(24.0, 20.0)	(25.0, 23.0)	(26.0, 47.0)	(27.0, 62.0)	(28.0, 112.0)	(29.0, 182.0)	(30.0, 279.0)	(31.0, 256.0)	(32.0, 260.0)	(33.0, 285.0)	(34.0, 345.0)	(35.0, 297.0)	(36.0, 143.0)	(37.0, 1.0)						
Gl-15_S3.R1	(18.0, 1.0)	(19.0, 1.0)	(20.0, 3.0)	(21.0, 1.0)	(22.0, 0.0)	(23.0, 2.0)	(24.0, 8.0)	(25.0, 7.0)	(26.0, 9.0)	(27.0, 23.0)	(28.0, 20.0)	(29.0, 24.0)	(30.0, 35.0)	(31.0, 62.0)	(32.0, 88.0)	(33.0, 142.0)	(34.0, 252.0)	(35.0, 569.0)	(36.0, 1691.0)	(37.0, 2433.0)							
Gl-15_S3.R2	(14.0, 1.0)	(15.0, 0.0)	(16.0, 8.0)	(17.0, 7.0)	(18.0, 17.0)	(19.0, 18.0)	(20.0, 17.0)	(21.0, 24.0)	(22.0, 35.0)	(23.0, 45.0)	(24.0, 54.0)	(25.0, 94.0)	(26.0, 109.0)	(27.0, 128.0)	(28.0, 176.0)	(29.0, 326.0)	(30.0, 389.0)	(31.0, 467.0)	(32.0, 618.0)	(33.0, 779.0)	(34.0, 882.0)	(35.0, 827.0)	(36.0, 343.0)	(37.0, 7.0)			
Gl-16_S4.R1	(22.0, 2.0)	(23.0, 1.0)	(24.0, 2.0)	(25.0, 5.0)	(26.0, 7.0)	(27.0, 1.0)	(28.0, 7.0)	(29.0, 6.0)	(30.0, 20.0)	(31.0, 23.0)	(32.0, 49.0)	(33.0, 71.0)	(34.0, 144.0)	(35.0, 325.0)	(36.0, 712.0)	(37.0, 617.0)											
Gl-16_S4.R2	(16.0, 4.0)	(17.0, 5.0)	(18.0, 3.0)	(19.0, 15.0)	(20.0, 14.0)	(21.0, 13.0)	(22.0, 21.0)	(23.0, 24.0)	(24.0, 28.0)	(25.0, 24.0)	(26.0, 55.0)	(27.0, 79.0)	(28.0, 188.0)	(29.0, 327.0)	(30.0, 300.0)	(31.0, 203.0)	(32.0, 153.0)	(33.0, 169.0)	(34.0, 177.0)	(35.0, 139.0)	(36.0, 50.0)	(37.0, 1.0)					
Gl-17_S5.R1	(21.0, 1.0)	(22.0, 3.0)	(23.0, 0.0)	(24.0, 1.0)	(25.0, 4.0)	(26.0, 6.0)	(27.0, 12.0)	(28.0, 11.0)	(29.0, 12.0)	(30.0, 28.0)	(31.0, 60.0)	(32.0, 72.0)	(33.0, 103.0)	(34.0, 281.0)	(35.0, 692.0)	(36.0, 1375.0)	(37.0, 944.0)										
Gl-17_S5.R2	(15.0, 2.0)	(16.0, 11.0)	(17.0, 8.0)	(18.0, 15.0)	(19.0, 19.0)	(20.0, 34.0)	(21.0, 31.0)	(22.0, 35.0)	(23.0, 53.0)	(24.0, 64.0)	(25.0, 71.0)	(26.0, 100.0)	(27.0, 139.0)	(28.0, 209.0)	(29.0, 265.0)	(30.0, 419.0)	(31.0, 522.0)	(32.0, 542.0)	(33.0, 489.0)	(34.0, 356.0)	(35.0, 190.0)	(36.0, 28.0)	(37.0, 3.0)				
Gl-25_S48.R1	(24.0, 1.0)	(25.0, 0.0)	(26.0, 1.0)	(27.0, 6.0)	(28.0, 2.0)	(29.0, 4.0)	(30.0, 3.0)	(31.0, 14.0)	(32.0, 16.0)	(33.0, 32.0)	(34.0, 61.0)	(35.0, 120.0)	(36.0, 405.0)	(37.0, 615.0)													
Gl-25_S48.R2	(16.0, 1.0)	(17.0, 2.0)	(18.0, 1.0)	(19.0, 0.0)	(20.0, 2.0)	(21.0, 4.0)	(22.0, 7.0)	(23.0, 8.0)	(24.0, 3.0)	(25.0, 14.0)	(26.0, 13.0)	(27.0, 32.0)	(28.0, 28.0)	(29.0, 52.0)	(30.0, 65.0)	(31.0, 94.0)	(32.0, 126.0)	(33.0, 162.0)	(34.0, 292.0)	(35.0, 262.0)	(36.0, 110.0)	(37.0, 2.0)					
Gl-26_S6.R1	(18.0, 1.0)	(19.0, 0.0)	(20.0, 1.0)	(21.0, 1.0)	(22.0, 3.0)	(23.0, 7.0)	(24.0, 4.0)	(25.0, 7.0)	(26.0, 6.0)	(27.0, 2.0)	(28.0, 8.0)	(29.0, 9.0)	(30.0, 21.0)	(31.0, 41.0)	(32.0, 55.0)	(33.0, 75.0)	(34.0, 155.0)	(35.0, 289.0)	(36.0, 733.0)	(37.0, 829.0)							
Gl-26_S6.R2	(16.0, 2.0)	(17.0, 7.0)	(18.0, 11.0)	(19.0, 11.0)	(20.0, 3.0)	(21.0, 11.0)	(22.0, 14.0)	(23.0, 21.0)	(24.0, 11.0)	(25.0, 20.0)	(26.0, 37.0)	(27.0, 71.0)	(28.0, 121.0)	(29.0, 218.0)	(30.0, 294.0)	(31.0, 217.0)	(32.0, 172.0)	(33.0, 233.0)	(34.0, 324.0)	(35.0, 342.0)	(36.0, 104.0)	(37.0, 3.0)					
Gl-27_S7.R1	(23.0, 4.0)	(24.0, 3.0)	(25.0, 1.0)	(26.0, 3.0)	(27.0, 3.0)	(28.0, 6.0)	(29.0, 7.0)	(30.0, 16.0)	(31.0, 47.0)	(32.0, 71.0)	(33.0, 109.0)	(34.0, 219.0)	(35.0, 447.0)	(36.0, 741.0)	(37.0, 350.0)												
Gl-27_S7.R2	(17.0, 4.0)	(18.0, 1.0)	(19.0, 2.0)	(20.0, 6.0)	(21.0, 9.0)	(22.0, 7.0)	(23.0, 16.0)	(24.0, 8.0)	(25.0, 27.0)	(26.0, 40.0)	(27.0, 92.0)	(28.0, 236.0)	(29.0, 451.0)	(30.0, 461.0)	(31.0, 272.0)	(32.0, 109.0)	(33.0, 93.0)	(34.0, 107.0)	(35.0, 67.0)	(36.0, 19.0)							
Gl-28_S8.R1	(19.0, 1.0)	(20.0, 0.0)	(21.0, 1.0)	(22.0, 2.0)	(23.0, 3.0)	(24.0, 1.0)	(25.0, 2.0)	(26.0, 3.0)	(27.0, 10.0)	(28.0, 15.0)	(29.0, 19.0)	(30.0, 27.0)	(31.0, 52.0)	(32.0, 73.0)	(33.0, 115.0)	(34.0, 243.0)	(35.0, 431.0)	(36.0, 938.0)	(37.0, 1188.0)								
Gl-28_S8.R2	(16.0, 7.0)	(17.0, 11.0)	(18.0, 9.0)	(19.0, 19.0)	(20.0, 31.0)	(21.0, 21.0)	(22.0, 30.0)	(23.0, 36.0)	(24.0, 40.0)	(25.0, 60.0)	(26.0, 61.0)	(27.0, 115.0)	(28.0, 219.0)	(29.0, 309.0)	(30.0, 361.0)	(31.0, 350.0)	(32.0, 303.0)	(33.0, 403.0)	(34.0, 457.0)	(35.0, 231.0)	(36.0, 50.0)	(37.0, 1.0)					
Gl-29_S9.R1	(18.0, 1.0)	(19.0, 2.0)	(20.0, 0.0)	(21.0, 1.0)	(22.0, 0.0)	(23.0, 4.0)	(24.0, 4.0)	(25.0, 0.0)	(26.0, 4.0)	(27.0, 1.0)	(28.0, 8.0)	(29.0, 5.0)	(30.0, 16.0)	(31.0, 26.0)	(32.0, 59.0)	(33.0, 74.0)	(34.0, 147.0)	(35.0, 316.0)	(36.0, 709.0)	(37.0, 547.0)							
Gl-29_S9.R2	(17.0, 4.0)	(18.0, 3.0)	(19.0, 9.0)	(20.0, 6.0)	(21.0, 11.0)	(22.0, 11.0)	(23.0, 15.0)	(24.0, 21.0)	(25.0, 23.0)	(26.0, 32.0)	(27.0, 81.0)	(28.0, 169.0)	(29.0, 346.0)	(30.0, 337.0)	(31.0, 196.0)	(32.0, 130.0)	(33.0, 160.0)	(34.0, 158.0)	(35.0, 155.0)	(36.0, 54.0)	(37.0, 3.0)						
Gl-30_S10.R1	(21.0, 1.0)	(22.0, 0.0)	(23.0, 1.0)	(24.0, 0.0)	(25.0, 3.0)	(26.0, 3.0)	(27.0, 8.0)	(28.0, 3.0)	(29.0, 16.0)	(30.0, 19.0)	(31.0, 31.0)	(32.0, 48.0)	(33.0, 89.0)	(34.0, 146.0)	(35.0, 314.0)	(36.0, 537.0)	(37.0, 327.0)										
Gl-30_S10.R2	(16.0, 1.0)	(17.0, 1.0)	(18.0, 1.0)	(19.0, 4.0)	(20.0, 8.0)	(21.0, 7.0)	(22.0, 12.0)	(23.0, 9.0)	(24.0, 24.0)	(25.0, 27.0)	(26.0, 41.0)	(27.0, 52.0)	(28.0, 141.0)	(29.0, 264.0)	(30.0, 292.0)	(31.0, 231.0)	(32.0, 134.0)	(33.0, 111.0)	(34.0, 110.0)	(35.0, 62.0)	(36.0, 14.0)						
Gl-31_S11.R1	(19.0, 1.0)	(20.0, 3.0)	(21.0, 1.0)	(22.0, 4.0)	(23.0, 3.0)	(24.0, 3.0)	(25.0, 9.0)	(26.0, 9.0)	(27.0, 18.0)	(28.0, 22.0)	(29.0, 27.0)	(30.0, 63.0)	(31.0, 88.0)	(32.0, 141.0)	(33.0, 180.0)	(34.0, 379.0)	(35.0, 843.0)	(36.0, 2164.0)	(37.0, 3678.0)								
Gl-31_S11.R2	(13.0, 1.0)	(14.0, 1.0)	(15.0, 1.0)	(16.0, 11.0)	(17.0, 27.0)	(18.0, 28.0)	(19.0, 34.0)	(20.0, 54.0)	(21.0, 58.0)	(22.0, 89.0)	(23.0, 85.0)	(24.0, 116.0)	(25.0, 125.0)	(26.0, 151.0)	(27.0, 232.0)	(28.0, 341.0)	(29.0, 546.0)	(30.0, 687.0)	(31.0, 757.0)	(32.0, 894.0)	(33.0, 1184.0)	(34.0, 1312.0)	(35.0, 789.0)	(36.0, 113.0)			
Gl-32_S12.R1	(18.0, 2.0)	(19.0, 9.0)	(20.0, 7.0)	(21.0, 8.0)	(22.0, 7.0)	(23.0, 9.0)	(24.0, 8.0)	(25.0, 9.0)	(26.0, 12.0)	(27.0, 14.0)	(28.0, 14.0)	(29.0, 24.0)	(30.0, 17.0)	(31.0, 51.0)	(32.0, 56.0)	(33.0, 83.0)	(34.0, 124.0)	(35.0, 304.0)	(36.0, 825.0)	(37.0, 1174.0)							
Gl-32_S12.R2	(14.0, 1.0)	(15.0, 0.0)	(16.0, 7.0)	(17.0, 13.0)	(18.0, 17.0)	(19.0, 28.0)	(20.0, 25.0)	(21.0, 28.0)	(22.0, 22.0)	(23.0, 39.0)	(24.0, 29.0)	(25.0, 34.0)	(26.0, 48.0)	(27.0, 62.0)	(28.0, 94.0)	(29.0, 129.0)	(30.0, 211.0)	(31.0, 219.0)	(32.0, 280.0)	(33.0, 411.0)	(34.0, 507.0)	(35.0, 428.0)	(36.0, 122.0)	(37.0, 3.0)			
Gl-33_S13.R1	(21.0, 2.0)	(22.0, 0.0)	(23.0, 2.0)	(24.0, 4.0)	(25.0, 1.0)	(26.0, 2.0)	(27.0, 4.0)	(28.0, 5.0)	(29.0, 7.0)	(30.0, 15.0)	(31.0, 27.0)	(32.0, 44.0)	(33.0, 87.0)	(34.0, 140.0)	(35.0, 288.0)	(36.0, 532.0)	(37.0, 316.0)										
Gl-33_S13.R2	(16.0, 2.0)	(17.0, 2.0)	(18.0, 1.0)	(19.0, 2.0)	(20.0, 3.0)	(21.0, 7.0)	(22.0, 5.0)	(23.0, 8.0)	(24.0, 14.0)	(25.0, 25.0)	(26.0, 24.0)	(27.0, 59.0)	(28.0, 150.0)	(29.0, 245.0)	(30.0, 291.0)	(31.0, 199.0)	(32.0, 109.0)	(33.0, 88.0)	(34.0, 94.0)	(35.0, 113.0)	(36.0, 35.0)						
Gl-34_S14.R1	(18.0, 1.0)	(19.0, 0.0)	(20.0, 2.0)	(21.0, 0.0)	(22.0, 0.0)	(23.0, 0.0)	(24.0, 1.0)	(25.0, 3.0)	(26.0, 6.0)	(27.0, 4.0)	(28.0, 6.0)	(29.0, 11.0)	(30.0, 20.0)	(31.0, 27.0)	(32.0, 68.0)	(33.0, 98.0)	(34.0, 168.0)	(35.0, 365.0)	(36.0, 725.0)	(37.0, 844.0)							
Gl-34_S14.R2	(14.0, 1.0)	(15.0, 0.0)	(16.0, 0.0)	(17.0, 4.0)	(18.0, 4.0)	(19.0, 8.0)	(20.0, 7.0)	(21.0, 9.0)	(22.0, 10.0)	(23.0, 13.0)	(24.0, 21.0)	(25.0, 32.0)	(26.0, 42.0)	(27.0, 70.0)	(28.0, 137.0)	(29.0, 278.0)	(30.0, 373.0)	(31.0, 268.0)	(32.0, 169.0)	(33.0, 162.0)	(34.0, 188.0)	(35.0, 259.0)	(36.0, 258.0)	(37.0, 36.0)			
Gl-36_S15.R1	(18.0, 1.0)	(19.0, 0.0)	(20.0, 1.0)	(21.0, 1.0)	(22.0, 4.0)	(23.0, 1.0)	(24.0, 1.0)	(25.0, 5.0)	(26.0, 5.0)	(27.0, 4.0)	(28.0, 5.0)	(29.0, 4.0)	(30.0, 5.0)	(31.0, 37.0)	(32.0, 47.0)	(33.0, 78.0)	(34.0, 116.0)	(35.0, 285.0)	(36.0, 601.0)	(37.0, 620.0)							
Gl-36_S15.R2	(16.0, 3.0)	(17.0, 3.0)	(18.0, 5.0)	(19.0, 4.0)	(20.0, 7.0)	(21.0, 8.0)	(22.0, 6.0)	(23.0, 15.0)	(24.0, 10.0)	(25.0, 17.0)	(26.0, 22.0)	(27.0, 42.0)	(28.0, 117.0)	(29.0, 240.0)	(30.0, 280.0)	(31.0, 175.0)	(32.0, 133.0)	(33.0, 131.0)	(34.0, 254.0)	(35.0, 247.0)	(36.0, 100.0)	(37.0, 2.0)					
Gl-38_S16.R1	(20.0, 1.0)	(21.0, 0.0)	(22.0, 2.0)	(23.0, 1.0)	(24.0, 0.0)	(25.0, 4.0)	(26.0, 6.0)	(27.0, 11.0)	(28.0, 15.0)	(29.0, 28.0)	(30.0, 48.0)	(31.0, 77.0)	(32.0, 132.0)	(33.0, 203.0)	(34.0, 356.0)	(35.0, 865.0)	(36.0, 2345.0)	(37.0, 2449.0)									
Gl-38_S16.R2	(16.0, 4.0)	(17.0, 20.0)	(18.0, 26.0)	(19.0, 23.0)	(20.0, 36.0)	(21.0, 40.0)	(22.0, 41.0)	(23.0, 56.0)	(24.0, 77.0)	(25.0, 97.0)	(26.0, 131.0)	(27.0, 164.0)	(28.0, 277.0)	(29.0, 515.0)	(30.0, 708.0)	(31.0, 823.0)	(32.0, 940.0)	(33.0, 1090.0)	(34.0, 900.0)	(35.0, 450.0)	(36.0, 122.0)	(37.0, 3.0)					
Gl-39_S17.R1	(21.0, 1.0)	(22.0, 2.0)	(23.0, 1.0)	(24.0, 0.0)	(25.0, 2.0)	(26.0, 2.0)	(27.0, 1.0)	(28.0, 1.0)	(29.0, 2.0)	(30.0, 7.0)	(31.0, 17.0)	(32.0, 18.0)	(33.0, 30.0)	(34.0, 58.0)	(35.0, 132.0)	(36.0, 243.0)	(37.0, 169.0)										
Gl-39_S17.R2	(16.0, 1.0)	(17.0, 0.0)	(18.0, 1.0)	(19.0, 2.0)	(20.0, 4.0)	(21.0, 2.0)	(22.0, 1.0)	(23.0, 3.0)	(24.0, 5.0)	(25.0, 9.0)	(26.0, 10.0)	(27.0, 30.0)	(28.0, 50.0)	(29.0, 107.0)	(30.0, 115.0)	(31.0, 93.0)	(32.0, 68.0)	(33.0, 46.0)	(34.0, 59.0)	(35.0, 63.0)	(36.0, 17.0)						
Gl-45_S18.R1	(23.0, 2.0)	(24.0, 1.0)	(25.0, 1.0)	(26.0, 2.0)	(27.0, 4.0)	(28.0, 6.0)	(29.0, 9.0)	(30.0, 13.0)	(31.0, 23.0)	(32.0, 31.0)	(33.0, 56.0)	(34.0, 110.0)	(35.0, 223.0)	(36.0, 335.0)	(37.0, 224.0)												
Gl-45_S18.R2	(16.0, 1.0)	(17.0, 1.0)	(18.0, 1.0)	(19.0, 1.0)	(20.0, 5.0)	(21.0, 7.0)	(22.0, 3.0)	(23.0, 7.0)	(24.0, 2.0)	(25.0, 9.0)	(26.0, 20.0)	(27.0, 28.0)	(28.0, 83.0)	(29.0, 194.0)	(30.0, 242.0)	(31.0, 130.0)	(32.0, 64.0)	(33.0, 50.0)	(34.0, 66.0)	(35.0, 87.0)	(36.0, 35.0)	(37.0, 4.0)					
Gl-47_S19.R1	(21.0, 1.0)	(22.0, 0.0)	(23.0, 1.0)	(24.0, 2.0)	(25.0, 3.0)	(26.0, 0.0)	(27.0, 1.0)	(28.0, 7.0)	(29.0, 8.0)	(30.0, 18.0)	(31.0, 24.0)	(32.0, 47.0)	(33.0, 91.0)	(34.0, 148.0)	(35.0, 306.0)	(36.0, 484.0)	(37.0, 200.0)										
Gl-47_S19.R2	(16.0, 1.0)	(17.0, 0.0)	(18.0, 0.0)	(19.0, 2.0)	(20.0, 1.0)	(21.0, 2.0)	(22.0, 1.0)	(23.0, 7.0)	(24.0, 15.0)	(25.0, 13.0)	(26.0, 14.0)	(27.0, 53.0)	(28.0, 121.0)	(29.0, 254.0)	(30.0, 391.0)	(31.0, 240.0)	(32.0, 71.0)	(33.0, 33.0)	(34.0, 32.0)	(35.0, 58.0)	(36.0, 32.0)						
Gl-51_S20.R1	(23.0, 2.0)	(24.0, 0.0)	(25.0, 2.0)	(26.0, 3.0)	(27.0, 4.0)	(28.0, 6.0)	(29.0, 15.0)	(30.0, 12.0)	(31.0, 20.0)	(32.0, 25.0)	(33.0, 73.0)	(34.0, 108.0)	(35.0, 252.0)	(36.0, 606.0)	(37.0, 696.0)												
Gl-51_S20.R2	(15.0, 1.0)	(16.0, 0.0)	(17.0, 1.0)	(18.0, 3.0)	(19.0, 6.0)	(20.0, 6.0)	(21.0, 8.0)	(22.0, 8.0)	(23.0, 13.0)	(24.0, 17.0)	(25.0, 18.0)	(26.0, 40.0)	(27.0, 55.0)	(28.0, 96.0)	(29.0, 151.0)	(30.0, 194.0)	(31.0, 194.0)	(32.0, 173.0)	(33.0, 267.0)	(34.0, 258.0)	(35.0, 189.0)	(36.0, 117.0)	(37.0, 9.0)				
Gl-52_S21.R1	(18.0, 1.0)	(19.0, 0.0)	(20.0, 1.0)	(21.0, 2.0)	(22.0, 3.0)	(23.0, 3.0)	(24.0, 3.0)	(25.0, 2.0)	(26.0, 7.0)	(27.0, 9.0)	(28.0, 14.0)	(29.0, 17.0)	(30.0, 43.0)	(31.0, 39.0)	(32.0, 70.0)	(33.0, 97.0)	(34.0, 214.0)	(35.0, 414.0)	(36.0, 1252.0)	(37.0, 2462.0)							
Gl-52_S21.R2	(12.0, 1.0)	(13.0, 0.0)	(14.0, 0.0)	(15.0, 1.0)	(16.0, 7.0)	(17.0, 16.0)	(18.0, 27.0)	(19.0, 27.0)	(20.0, 30.0)	(21.0, 62.0)	(22.0, 53.0)	(23.0, 55.0)	(24.0, 65.0)	(25.0, 86.0)	(26.0, 113.0)	(27.0, 125.0)	(28.0, 183.0)	(29.0, 258.0)	(30.0, 361.0)	(31.0, 429.0)	(32.0, 573.0)	(33.0, 759.0)	(34.0, 864.0)	(35.0, 494.0)	(36.0, 61.0)	(37.0, 3.0)	
Gl-53_S22.R1	(20.0, 1.0)	(21.0, 2.0)	(22.0, 2.0)	(23.0, 1.0)	(24.0, 3.0)	(25.0, 3.0)	(26.0, 4.0)	(27.0, 5.0)	(28.0, 6.0)	(29.0, 11.0)	(30.0, 7.0)	(31.0, 30.0)	(32.0, 47.0)	(33.0, 69.0)	(34.0, 146.0)	(35.0, 301.0)	(36.0, 517.0)	(37.0, 490.0)									
Gl-53_S22.R2	(17.0, 2.0)	(18.0, 3.0)	(19.0, 5.0)	(20.0, 7.0)	(21.0, 4.0)	(22.0, 7.0)	(23.0, 5.0)	(24.0, 9.0)	(25.0, 10.0)	(26.0, 23.0)	(27.0, 47.0)	(28.0, 108.0)	(29.0, 203.0)	(30.0, 310.0)	(31.0, 236.0)	(32.0, 124.0)	(33.0, 98.0)	(34.0, 123.0)	(35.0, 204.0)	(36.0, 115.0)	(37.0, 2.0)						
Gl-54_S23.R1	(20.0, 1.0)	(21.0, 1.0)	(22.0, 3.0)	(23.0, 2.0)	(24.0, 4.0)	(25.0, 6.0)	(26.0, 3.0)	(27.0, 6.0)	(28.0, 7.0)	(29.0, 17.0)	(30.0, 25.0)	(31.0, 36.0)	(32.0, 52.0)	(33.0, 95.0)	(34.0, 166.0)	(35.0, 430.0)	(36.0, 1073.0)	(37.0, 1433.0)									
Gl-54_S23.R2	(16.0, 2.0)	(17.0, 3.0)	(18.0, 4.0)	(19.0, 8.0)	(20.0, 16.0)	(21.0, 14.0)	(22.0, 18.0)	(23.0, 23.0)	(24.0, 30.0)	(25.0, 33.0)	(26.0, 57.0)	(27.0, 71.0)	(28.0, 124.0)	(29.0, 205.0)	(30.0, 301.0)	(31.0, 377.0)	(32.0, 395.0)	(33.0, 494.0)	(34.0, 524.0)	(35.0, 400.0)	(36.0, 233.0)	(37.0, 28.0)					
Gl-56_S24.R1	(22.0, 3.0)	(23.0, 3.0)	(24.0, 1.0)	(25.0, 3.0)	(26.0, 3.0)	(27.0, 16.0)	(28.0, 22.0)	(29.0, 42.0)	(30.0, 60.0)	(31.0, 94.0)	(32.0, 134.0)	(33.0, 260.0)	(34.0, 402.0)	(35.0, 1057.0)	(36.0, 3339.0)	(37.0, 3670.0)											
Gl-56_S24.R2	(12.0, 1.0)	(13.0, 0.0)	(14.0, 0.0)	(15.0, 2.0)	(16.0, 12.0)	(17.0, 26.0)	(18.0, 45.0)	(19.0, 40.0)	(20.0, 62.0)	(21.0, 62.0)	(22.0, 68.0)	(23.0, 96.0)	(24.0, 111.0)	(25.0, 152.0)	(26.0, 203.0)	(27.0, 256.0)	(28.0, 370.0)	(29.0, 546.0)	(30.0, 801.0)	(31.0, 1192.0)	(32.0, 1551.0)	(33.0, 1725.0)	(34.0, 1228.0)	(35.0, 465.0)	(36.0, 92.0)	(37.0, 3.0)	
Gl-61_S25.R1	(19.0, 1.0)	(20.0, 1.0)	(21.0, 2.0)	(22.0, 1.0)	(23.0, 4.0)	(24.0, 7.0)	(25.0, 3.0)	(26.0, 6.0)	(27.0, 12.0)	(28.0, 19.0)	(29.0, 36.0)	(30.0, 61.0)	(31.0, 97.0)	(32.0, 174.0)	(33.0, 258.0)	(34.0, 439.0)	(35.0, 877.0)	(36.0, 2700.0)	(37.0, 5742.0)								
Gl-61_S25.R2	(15.0, 2.0)	(16.0, 11.0)	(17.0, 31.0)	(18.0, 41.0)	(19.0, 71.0)	(20.0, 87.0)	(21.0, 86.0)	(22.0, 121.0)	(23.0, 133.0)	(24.0, 153.0)	(25.0, 167.0)	(26.0, 239.0)	(27.0, 283.0)	(28.0, 437.0)	(29.0, 581.0)	(30.0, 807.0)	(31.0, 947.0)	(32.0, 1332.0)	(33.0, 1767.0)	(34.0, 1910.0)	(35.0, 1064.0)	(36.0, 168.0)	(37.0, 2.0)				
Gl-62_S26.R1	(22.0, 3.0)	(23.0, 4.0)	(24.0, 6.0)	(25.0, 5.0)	(26.0, 6.0)	(27.0, 23.0)	(28.0, 29.0)	(29.0, 55.0)	(30.0, 62.0)	(31.0, 125.0)	(32.0, 166.0)	(33.0, 253.0)	(34.0, 458.0)	(35.0, 1077.0)	(36.0, 3333.0)	(37.0, 3689.0)											
Gl-62_S26.R2	(12.0, 1.0)	(13.0, 0.0)	(14.0, 0.0)	(15.0, 3.0)	(16.0, 13.0)	(17.0, 26.0)	(18.0, 38.0)	(19.0, 63.0)	(20.0, 66.0)	(21.0, 64.0)	(22.0, 84.0)	(23.0, 103.0)	(24.0, 110.0)	(25.0, 163.0)	(26.0, 216.0)	(27.0, 277.0)	(28.0, 444.0)	(29.0, 630.0)	(30.0, 875.0)	(31.0, 1148.0)	(32.0, 1392.0)	(33.0, 1635.0)	(34.0, 1227.0)	(35.0, 531.0)	(36.0, 178.0)	(37.0, 7.0)	
Gl-63_S27.R1	(19.0, 1.0)	(20.0, 0.0)	(21.0, 0.0)	(22.0, 2.0)	(23.0, 1.0)	(24.0, 0.0)	(25.0, 1.0)	(26.0, 1.0)	(27.0, 5.0)	(28.0, 4.0)	(29.0, 5.0)	(30.0, 23.0)	(31.0, 40.0)	(32.0, 49.0)	(33.0, 91.0)	(34.0, 130.0)	(35.0, 288.0)	(36.0, 644.0)	(37.0, 606.0)								
Gl-63_S27.R2	(16.0, 4.0)	(17.0, 5.0)	(18.0, 7.0)	(19.0, 8.0)	(20.0, 9.0)	(21.0, 19.0)	(22.0, 13.0)	(23.0, 19.0)	(24.0, 20.0)	(25.0, 22.0)	(26.0, 48.0)	(27.0, 52.0)	(28.0, 147.0)	(29.0, 274.0)	(30.0, 278.0)	(31.0, 232.0)	(32.0, 202.0)	(33.0, 176.0)	(34.0, 201.0)	(35.0, 122.0)	(36.0, 32.0)	(37.0, 1.0)					
Gl-64_S28.R1	(20.0, 1.0)	(21.0, 1.0)	(22.0, 0.0)	(23.0, 1.0)	(24.0, 1.0)	(25.0, 3.0)	(26.0, 3.0)	(27.0, 8.0)	(28.0, 10.0)	(29.0, 11.0)	(30.0, 28.0)	(31.0, 65.0)	(32.0, 72.0)	(33.0, 142.0)	(34.0, 248.0)	(35.0, 474.0)	(36.0, 1196.0)	(37.0, 1864.0)									
Gl-64_S28.R2	(15.0, 1.0)	(16.0, 4.0)	(17.0, 10.0)	(18.0, 16.0)	(19.0, 19.0)	(20.0, 26.0)	(21.0, 21.0)	(22.0, 45.0)	(23.0, 41.0)	(24.0, 56.0)	(25.0, 55.0)	(26.0, 98.0)	(27.0, 95.0)	(28.0, 213.0)	(29.0, 329.0)	(30.0, 368.0)	(31.0, 380.0)	(32.0, 377.0)	(33.0, 497.0)	(34.0, 676.0)	(35.0, 599.0)	(36.0, 198.0)	(37.0, 4.0)				
Gl-66_S29.R1	(18.0, 1.0)	(19.0, 2.0)	(20.0, 4.0)	(21.0, 2.0)	(22.0, 2.0)	(23.0, 8.0)	(24.0, 10.0)	(25.0, 9.0)	(26.0, 20.0)	(27.0, 46.0)	(28.0, 50.0)	(29.0, 83.0)	(30.0, 127.0)	(31.0, 217.0)	(32.0, 361.0)	(33.0, 572.0)	(34.0, 960.0)	(35.0, 2098.0)	(36.0, 6786.0)	(37.0, 10564.0)							
Gl-66_S29.R2	(12.0, 1.0)	(13.0, 0.0)	(14.0, 0.0)	(15.0, 1.0)	(16.0, 24.0)	(17.0, 69.0)	(18.0, 112.0)	(19.0, 145.0)	(20.0, 167.0)	(21.0, 181.0)	(22.0, 238.0)	(23.0, 259.0)	(24.0, 318.0)	(25.0, 385.0)	(26.0, 498.0)	(27.0, 649.0)	(28.0, 814.0)	(29.0, 1049.0)	(30.0, 1550.0)	(31.0, 2304.0)	(32.0, 3288.0)	(33.0, 4257.0)	(34.0, 3728.0)	(35.0, 1699.0)	(36.0, 186.0)		
Gl-67_S30.R1	(23.0, 3.0)	(24.0, 4.0)	(25.0, 4.0)	(26.0, 10.0)	(27.0, 14.0)	(28.0, 27.0)	(29.0, 30.0)	(30.0, 58.0)	(31.0, 91.0)	(32.0, 140.0)	(33.0, 220.0)	(34.0, 447.0)	(35.0, 902.0)	(36.0, 2612.0)	(37.0, 3791.0)												
Gl-67_S30.R2	(14.0, 1.0)	(15.0, 1.0)	(16.0, 9.0)	(17.0, 16.0)	(18.0, 35.0)	(19.0, 50.0)	(20.0, 53.0)	(21.0, 70.0)	(22.0, 82.0)	(23.0, 96.0)	(24.0, 101.0)	(25.0, 166.0)	(26.0, 185.0)	(27.0, 247.0)	(28.0, 369.0)	(29.0, 556.0)	(30.0, 699.0)	(31.0, 920.0)	(32.0, 1127.0)	(33.0, 1405.0)	(34.0, 1305.0)	(35.0, 722.0)	(36.0, 136.0)	(37.0, 2.0)			
Gl-69_S31.R1	(19.0, 1.0)	(20.0, 0.0)	(21.0, 1.0)	(22.0, 5.0)	(23.0, 2.0)	(24.0, 9.0)	(25.0, 16.0)	(26.0, 11.0)	(27.0, 28.0)	(28.0, 54.0)	(29.0, 85.0)	(30.0, 120.0)	(31.0, 180.0)	(32.0, 291.0)	(33.0, 522.0)	(34.0, 1015.0)	(35.0, 2257.0)	(36.0, 6756.0)	(37.0, 5336.0)								
Gl-69_S31.R2	(12.0, 1.0)	(13.0, 0.0)	(14.0, 1.0)	(15.0, 4.0)	(16.0, 36.0)	(17.0, 58.0)	(18.0, 91.0)	(19.0, 108.0)	(20.0, 151.0)	(21.0, 154.0)	(22.0, 200.0)	(23.0, 249.0)	(24.0, 290.0)	(25.0, 351.0)	(26.0, 462.0)	(27.0, 599.0)	(28.0, 872.0)	(29.0, 1219.0)	(30.0, 1733.0)	(31.0, 2426.0)	(32.0, 2799.0)	(33.0, 2761.0)	(34.0, 1616.0)	(35.0, 449.0)	(36.0, 58.0)	(37.0, 1.0)	
Gl-70_S32.R1	(18.0, 2.0)	(19.0, 1.0)	(20.0, 1.0)	(21.0, 1.0)	(22.0, 0.0)	(23.0, 5.0)	(24.0, 10.0)	(25.0, 20.0)	(26.0, 21.0)	(27.0, 45.0)	(28.0, 60.0)	(29.0, 91.0)	(30.0, 157.0)	(31.0, 234.0)	(32.0, 352.0)	(33.0, 528.0)	(34.0, 941.0)	(35.0, 1919.0)	(36.0, 6204.0)	(37.0, 11689.0)							
Gl-70_S32.R2	(15.0, 6.0)	(16.0, 37.0)	(17.0, 88.0)	(18.0, 127.0)	(19.0, 172.0)	(20.0, 197.0)	(21.0, 252.0)	(22.0, 264.0)	(23.0, 310.0)	(24.0, 348.0)	(25.0, 451.0)	(26.0, 557.0)	(27.0, 697.0)	(28.0, 853.0)	(29.0, 1105.0)	(30.0, 1587.0)	(31.0, 2226.0)	(32.0, 2989.0)	(33.0, 3918.0)	(34.0, 4061.0)	(35.0, 1873.0)	(36.0, 163.0)					
Gl-71_S33.R1	(19.0, 2.0)	(20.0, 2.0)	(21.0, 4.0)	(22.0, 3.0)	(23.0, 5.0)	(24.0, 8.0)	(25.0, 8.0)	(26.0, 11.0)	(27.0, 24.0)	(28.0, 32.0)	(29.0, 72.0)	(30.0, 90.0)	(31.0, 139.0)	(32.0, 207.0)	(33.0, 335.0)	(34.0, 634.0)	(35.0, 1513.0)	(36.0, 4838.0)	(37.0, 5774.0)								
Gl-71_S33.R2	(15.0, 3.0)	(16.0, 13.0)	(17.0, 43.0)	(18.0, 68.0)	(19.0, 96.0)	(20.0, 90.0)	(21.0, 116.0)	(22.0, 171.0)	(23.0, 171.0)	(24.0, 197.0)	(25.0, 272.0)	(26.0, 338.0)	(27.0, 469.0)	(28.0, 572.0)	(29.0, 861.0)	(30.0, 1230.0)	(31.0, 1657.0)	(32.0, 2192.0)	(33.0, 2382.0)	(34.0, 1922.0)	(35.0, 761.0)	(36.0, 76.0)	(37.0, 1.0)				
Gl-72_S34.R1	(18.0, 1.0)	(19.0, 2.0)	(20.0, 1.0)	(21.0, 1.0)	(22.0, 3.0)	(23.0, 4.0)	(24.0, 8.0)	(25.0, 15.0)	(26.0, 23.0)	(27.0, 35.0)	(28.0, 52.0)	(29.0, 76.0)	(30.0, 118.0)	(31.0, 199.0)	(32.0, 345.0)	(33.0, 521.0)	(34.0, 897.0)	(35.0, 1884.0)	(36.0, 5756.0)	(37.0, 10323.0)							
Gl-72_S34.R2	(15.0, 4.0)	(16.0, 32.0)	(17.0, 63.0)	(18.0, 122.0)	(19.0, 123.0)	(20.0, 167.0)	(21.0, 230.0)	(22.0, 225.0)	(23.0, 252.0)	(24.0, 366.0)	(25.0, 445.0)	(26.0, 459.0)	(27.0, 594.0)	(28.0, 797.0)	(29.0, 1097.0)	(30.0, 1385.0)	(31.0, 1959.0)	(32.0, 2790.0)	(33.0, 3658.0)	(34.0, 3540.0)	(35.0, 1770.0)	(36.0, 185.0)	(37.0, 1.0)				
Gl-73_S35.R1	(18.0, 1.0)	(19.0, 4.0)	(20.0, 1.0)	(21.0, 1.0)	(22.0, 3.0)	(23.0, 3.0)	(24.0, 9.0)	(25.0, 12.0)	(26.0, 20.0)	(27.0, 39.0)	(28.0, 65.0)	(29.0, 89.0)	(30.0, 147.0)	(31.0, 240.0)	(32.0, 344.0)	(33.0, 578.0)	(34.0, 1056.0)	(35.0, 2021.0)	(36.0, 6417.0)	(37.0, 12486.0)							
Gl-73_S35.R2	(15.0, 4.0)	(16.0, 31.0)	(17.0, 76.0)	(18.0, 106.0)	(19.0, 150.0)	(20.0, 177.0)	(21.0, 215.0)	(22.0, 272.0)	(23.0, 329.0)	(24.0, 355.0)	(25.0, 404.0)	(26.0, 540.0)	(27.0, 662.0)	(28.0, 933.0)	(29.0, 1215.0)	(30.0, 1595.0)	(31.0, 2241.0)	(32.0, 3194.0)	(33.0, 4249.0)	(34.0, 4391.0)	(35.0, 2172.0)	(36.0, 224.0)	(37.0, 1.0)				
Gl-75_S36.R1	(19.0, 2.0)	(20.0, 2.0)	(21.0, 4.0)	(22.0, 6.0)	(23.0, 9.0)	(24.0, 9.0)	(25.0, 13.0)	(26.0, 29.0)	(27.0, 47.0)	(28.0, 72.0)	(29.0, 126.0)	(30.0, 179.0)	(31.0, 295.0)	(32.0, 431.0)	(33.0, 744.0)	(34.0, 1310.0)	(35.0, 2814.0)	(36.0, 9720.0)	(37.0, 13321.0)								
Gl-75_S36.R2	(11.0, 1.0)	(12.0, 1.0)	(13.0, 1.0)	(14.0, 0.0)	(15.0, 1.0)	(16.0, 12.0)	(17.0, 41.0)	(18.0, 84.0)	(19.0, 128.0)	(20.0, 165.0)	(21.0, 209.0)	(22.0, 231.0)	(23.0, 279.0)	(24.0, 323.0)	(25.0, 414.0)	(26.0, 537.0)	(27.0, 680.0)	(28.0, 936.0)	(29.0, 1273.0)	(30.0, 1836.0)	(31.0, 2750.0)	(32.0, 4257.0)	(33.0, 6076.0)	(34.0, 5888.0)	(35.0, 2752.0)	(36.0, 255.0)	(37.0, 3.0)
Gl-79_S37.R1	(18.0, 1.0)	(19.0, 2.0)	(20.0, 2.0)	(21.0, 2.0)	(22.0, 4.0)	(23.0, 4.0)	(24.0, 6.0)	(25.0, 10.0)	(26.0, 19.0)	(27.0, 29.0)	(28.0, 51.0)	(29.0, 70.0)	(30.0, 106.0)	(31.0, 185.0)	(32.0, 272.0)	(33.0, 453.0)	(34.0, 723.0)	(35.0, 1560.0)	(36.0, 4912.0)	(37.0, 9499.0)							
Gl-79_S37.R2	(12.0, 1.0)	(13.0, 0.0)	(14.0, 0.0)	(15.0, 5.0)	(16.0, 16.0)	(17.0, 50.0)	(18.0, 60.0)	(19.0, 111.0)	(20.0, 112.0)	(21.0, 142.0)	(22.0, 160.0)	(23.0, 222.0)	(24.0, 265.0)	(25.0, 290.0)	(26.0, 372.0)	(27.0, 486.0)	(28.0, 634.0)	(29.0, 852.0)	(30.0, 1112.0)	(31.0, 1521.0)	(32.0, 2209.0)	(33.0, 3168.0)	(34.0, 3679.0)	(35.0, 2159.0)	(36.0, 282.0)	(37.0, 2.0)	
Gl-7_S1.R1	(18.0, 1.0)	(19.0, 1.0)	(20.0, 2.0)	(21.0, 1.0)	(22.0, 4.0)	(23.0, 6.0)	(24.0, 8.0)	(25.0, 14.0)	(26.0, 18.0)	(27.0, 25.0)	(28.0, 54.0)	(29.0, 89.0)	(30.0, 137.0)	(31.0, 162.0)	(32.0, 272.0)	(33.0, 484.0)	(34.0, 772.0)	(35.0, 1672.0)	(36.0, 5102.0)	(37.0, 9336.0)							
Gl-7_S1.R2	(15.0, 2.0)	(16.0, 21.0)	(17.0, 49.0)	(18.0, 91.0)	(19.0, 110.0)	(20.0, 127.0)	(21.0, 180.0)	(22.0, 182.0)	(23.0, 237.0)	(24.0, 248.0)	(25.0, 333.0)	(26.0, 413.0)	(27.0, 513.0)	(28.0, 631.0)	(29.0, 947.0)	(30.0, 1308.0)	(31.0, 1714.0)	(32.0, 2310.0)	(33.0, 3081.0)	(34.0, 3483.0)	(35.0, 1923.0)	(36.0, 257.0)					
Gl-80_S38.R1	(18.0, 1.0)	(19.0, 3.0)	(20.0, 2.0)	(21.0, 3.0)	(22.0, 3.0)	(23.0, 3.0)	(24.0, 9.0)	(25.0, 20.0)	(26.0, 31.0)	(27.0, 47.0)	(28.0, 60.0)	(29.0, 141.0)	(30.0, 190.0)	(31.0, 263.0)	(32.0, 407.0)	(33.0, 713.0)	(34.0, 1123.0)	(35.0, 2316.0)	(36.0, 7496.0)	(37.0, 15513.0)							
Gl-80_S38.R2	(11.0, 1.0)	(12.0, 0.0)	(13.0, 0.0)	(14.0, 2.0)	(15.0, 3.0)	(16.0, 21.0)	(17.0, 75.0)	(18.0, 111.0)	(19.0, 168.0)	(20.0, 206.0)	(21.0, 241.0)	(22.0, 313.0)	(23.0, 374.0)	(24.0, 376.0)	(25.0, 494.0)	(26.0, 577.0)	(27.0, 779.0)	(28.0, 1042.0)	(29.0, 1308.0)	(30.0, 1815.0)	(31.0, 2515.0)	(32.0, 3635.0)	(33.0, 5071.0)	(34.0, 5748.0)	(35.0, 3134.0)	(36.0, 333.0)	(37.0, 2.0)
Gl-85_S39.R1	(17.0, 1.0)	(18.0, 0.0)	(19.0, 2.0)	(20.0, 1.0)	(21.0, 7.0)	(22.0, 4.0)	(23.0, 9.0)	(24.0, 14.0)	(25.0, 28.0)	(26.0, 31.0)	(27.0, 65.0)	(28.0, 95.0)	(29.0, 152.0)	(30.0, 256.0)	(31.0, 347.0)	(32.0, 542.0)	(33.0, 890.0)	(34.0, 1703.0)	(35.0, 4000.0)	(36.0, 12585.0)	(37.0, 11655.0)						
Gl-85_S39.R2	(12.0, 1.0)	(13.0, 0.0)	(14.0, 1.0)	(15.0, 5.0)	(16.0, 15.0)	(17.0, 48.0)	(18.0, 81.0)	(19.0, 152.0)	(20.0, 189.0)	(21.0, 232.0)	(22.0, 304.0)	(23.0, 371.0)	(24.0, 451.0)	(25.0, 567.0)	(26.0, 753.0)	(27.0, 941.0)	(28.0, 1275.0)	(29.0, 1828.0)	(30.0, 2532.0)	(31.0, 3602.0)	(32.0, 5189.0)	(33.0, 6397.0)	(34.0, 5448.0)	(35.0, 1882.0)	(36.0, 120.0)	(37.0, 3.0)	
Gl-86_S40.R1	(23.0, 1.0)	(24.0, 2.0)	(25.0, 2.0)	(26.0, 5.0)	(27.0, 7.0)	(28.0, 9.0)	(29.0, 11.0)	(30.0, 31.0)	(31.0, 39.0)	(32.0, 58.0)	(33.0, 95.0)	(34.0, 170.0)	(35.0, 394.0)	(36.0, 865.0)	(37.0, 1248.0)												
Gl-86_S40.R2	(15.0, 1.0)	(16.0, 0.0)	(17.0, 9.0)	(18.0, 12.0)	(19.0, 16.0)	(20.0, 21.0)	(21.0, 23.0)	(22.0, 19.0)	(23.0, 28.0)	(24.0, 30.0)	(25.0, 43.0)	(26.0, 78.0)	(27.0, 69.0)	(28.0, 155.0)	(29.0, 265.0)	(30.0, 317.0)	(31.0, 281.0)	(32.0, 323.0)	(33.0, 362.0)	(34.0, 399.0)	(35.0, 316.0)	(36.0, 157.0)	(37.0, 13.0)				
Gl-88_S41.R1	(18.0, 1.0)	(19.0, 2.0)	(20.0, 0.0)	(21.0, 2.0)	(22.0, 0.0)	(23.0, 7.0)	(24.0, 4.0)	(25.0, 7.0)	(26.0, 11.0)	(27.0, 22.0)	(28.0, 35.0)	(29.0, 41.0)	(30.0, 70.0)	(31.0, 119.0)	(32.0, 206.0)	(33.0, 326.0)	(34.0, 570.0)	(35.0, 1288.0)	(36.0, 4125.0)	(37.0, 4458.0)							
Gl-88_S41.R2	(13.0, 1.0)	(14.0, 2.0)	(15.0, 4.0)	(16.0, 14.0)	(17.0, 39.0)	(18.0, 54.0)	(19.0, 47.0)	(20.0, 69.0)	(21.0, 97.0)	(22.0, 101.0)	(23.0, 138.0)	(24.0, 172.0)	(25.0, 205.0)	(26.0, 249.0)	(27.0, 343.0)	(28.0, 479.0)	(29.0, 725.0)	(30.0, 999.0)	(31.0, 1339.0)	(32.0, 1673.0)	(33.0, 1880.0)	(34.0, 1489.0)	(35.0, 944.0)	(36.0, 231.0)			
I10_S77.R1	(19.0, 3.0)	(20.0, 3.0)	(21.0, 4.0)	(22.0, 3.0)	(23.0, 3.0)	(24.0, 5.0)	(25.0, 11.0)	(26.0, 13.0)	(27.0, 20.0)	(28.0, 53.0)	(29.0, 85.0)	(30.0, 115.0)	(31.0, 178.0)	(32.0, 298.0)	(33.0, 427.0)	(34.0, 822.0)	(35.0, 1744.0)	(36.0, 5333.0)	(37.0, 12401.0)								
I10_S77.R2	(15.0, 7.0)	(16.0, 14.0)	(17.0, 67.0)	(18.0, 103.0)	(19.0, 144.0)	(20.0, 155.0)	(21.0, 203.0)	(22.0, 206.0)	(23.0, 272.0)	(24.0, 301.0)	(25.0, 351.0)	(26.0, 478.0)	(27.0, 599.0)	(28.0, 767.0)	(29.0, 1089.0)	(30.0, 1463.0)	(31.0, 1949.0)	(32.0, 2805.0)	(33.0, 3798.0)	(34.0, 4219.0)	(35.0, 2307.0)	(36.0, 223.0)	(37.0, 1.0)				
I111_S52.R1	(23.0, 3.0)	(24.0, 6.0)	(25.0, 7.0)	(26.0, 11.0)	(27.0, 21.0)	(28.0, 39.0)	(29.0, 47.0)	(30.0, 80.0)	(31.0, 114.0)	(32.0, 169.0)	(33.0, 290.0)	(34.0, 546.0)	(35.0, 1296.0)	(36.0, 4643.0)	(37.0, 5115.0)												
I111_S52.R2	(15.0, 1.0)	(16.0, 3.0)	(17.0, 5.0)	(18.0, 22.0)	(19.0, 35.0)	(20.0, 50.0)	(21.0, 59.0)	(22.0, 71.0)	(23.0, 90.0)	(24.0, 105.0)	(25.0, 143.0)	(26.0, 188.0)	(27.0, 218.0)	(28.0, 317.0)	(29.0, 415.0)	(30.0, 663.0)	(31.0, 1064.0)	(32.0, 1761.0)	(33.0, 2740.0)	(34.0, 2919.0)	(35.0, 1385.0)	(36.0, 131.0)	(37.0, 2.0)				
I113_S59.R1	(20.0, 1.0)	(21.0, 0.0)	(22.0, 2.0)	(23.0, 6.0)	(24.0, 2.0)	(25.0, 17.0)	(26.0, 42.0)	(27.0, 70.0)	(28.0, 120.0)	(29.0, 190.0)	(30.0, 260.0)	(31.0, 395.0)	(32.0, 625.0)	(33.0, 1024.0)	(34.0, 1952.0)	(35.0, 4335.0)	(36.0, 16372.0)	(37.0, 20032.0)									
I113_S59.R2	(12.0, 1.0)	(13.0, 1.0)	(14.0, 2.0)	(15.0, 1.0)	(16.0, 19.0)	(17.0, 50.0)	(18.0, 124.0)	(19.0, 160.0)	(20.0, 199.0)	(21.0, 244.0)	(22.0, 288.0)	(23.0, 382.0)	(24.0, 531.0)	(25.0, 601.0)	(26.0, 816.0)	(27.0, 972.0)	(28.0, 1366.0)	(29.0, 1900.0)	(30.0, 2801.0)	(31.0, 4578.0)	(32.0, 7313.0)	(33.0, 10217.0)	(34.0, 9399.0)	(35.0, 3253.0)	(36.0, 223.0)	(37.0, 4.0)	
I117_S53.R1	(20.0, 2.0)	(21.0, 4.0)	(22.0, 2.0)	(23.0, 7.0)	(24.0, 27.0)	(25.0, 35.0)	(26.0, 61.0)	(27.0, 91.0)	(28.0, 160.0)	(29.0, 261.0)	(30.0, 392.0)	(31.0, 546.0)	(32.0, 928.0)	(33.0, 1447.0)	(34.0, 2545.0)	(35.0, 5836.0)	(36.0, 18200.0)	(37.0, 16326.0)									
I117_S53.R2	(15.0, 2.0)	(16.0, 22.0)	(17.0, 58.0)	(18.0, 126.0)	(19.0, 202.0)	(20.0, 299.0)	(21.0, 348.0)	(22.0, 430.0)	(23.0, 557.0)	(24.0, 716.0)	(25.0, 842.0)	(26.0, 1002.0)	(27.0, 1303.0)	(28.0, 1796.0)	(29.0, 2512.0)	(30.0, 3489.0)	(31.0, 4960.0)	(32.0, 7215.0)	(33.0, 9440.0)	(34.0, 8393.0)	(35.0, 3005.0)	(36.0, 144.0)	(37.0, 9.0)				
I11_S78.R1	(18.0, 2.0)	(19.0, 3.0)	(20.0, 4.0)	(21.0, 3.0)	(22.0, 1.0)	(23.0, 11.0)	(24.0, 10.0)	(25.0, 25.0)	(26.0, 46.0)	(27.0, 82.0)	(28.0, 107.0)	(29.0, 164.0)	(30.0, 299.0)	(31.0, 469.0)	(32.0, 690.0)	(33.0, 1230.0)	(34.0, 2197.0)	(35.0, 4905.0)	(36.0, 15222.0)	(37.0, 21444.0)							
I11_S78.R2	(14.0, 3.0)	(15.0, 6.0)	(16.0, 30.0)	(17.0, 84.0)	(18.0, 155.0)	(19.0, 212.0)	(20.0, 278.0)	(21.0, 347.0)	(22.0, 415.0)	(23.0, 495.0)	(24.0, 570.0)	(25.0, 748.0)	(26.0, 897.0)	(27.0, 1059.0)	(28.0, 1474.0)	(29.0, 1946.0)	(30.0, 2712.0)	(31.0, 3693.0)	(32.0, 5490.0)	(33.0, 7829.0)	(34.0, 9827.0)	(35.0, 7353.0)	(36.0, 1287.0)	(37.0, 4.0)			
I13_S67.R1	(18.0, 3.0)	(19.0, 4.0)	(20.0, 2.0)	(21.0, 4.0)	(22.0, 4.0)	(23.0, 7.0)	(24.0, 11.0)	(25.0, 18.0)	(26.0, 23.0)	(27.0, 38.0)	(28.0, 66.0)	(29.0, 118.0)	(30.0, 211.0)	(31.0, 307.0)	(32.0, 511.0)	(33.0, 842.0)	(34.0, 1387.0)	(35.0, 2820.0)	(36.0, 8803.0)	(37.0, 18624.0)							
I13_S67.R2	(14.0, 1.0)	(15.0, 3.0)	(16.0, 31.0)	(17.0, 106.0)	(18.0, 166.0)	(19.0, 199.0)	(20.0, 263.0)	(21.0, 306.0)	(22.0, 417.0)	(23.0, 457.0)	(24.0, 598.0)	(25.0, 652.0)	(26.0, 818.0)	(27.0, 967.0)	(28.0, 1380.0)	(29.0, 1715.0)	(30.0, 2306.0)	(31.0, 3318.0)	(32.0, 4532.0)	(33.0, 6027.0)	(34.0, 6241.0)	(35.0, 3051.0)	(36.0, 248.0)	(37.0, 1.0)			
I14_S68.R1	(21.0, 1.0)	(22.0, 0.0)	(23.0, 3.0)	(24.0, 0.0)	(25.0, 1.0)	(26.0, 1.0)	(27.0, 6.0)	(28.0, 7.0)	(29.0, 14.0)	(30.0, 15.0)	(31.0, 31.0)	(32.0, 47.0)	(33.0, 85.0)	(34.0, 144.0)	(35.0, 334.0)	(36.0, 706.0)	(37.0, 554.0)										
I14_S68.R2	(15.0, 1.0)	(16.0, 2.0)	(17.0, 3.0)	(18.0, 6.0)	(19.0, 12.0)	(20.0, 7.0)	(21.0, 13.0)	(22.0, 9.0)	(23.0, 17.0)	(24.0, 25.0)	(25.0, 16.0)	(26.0, 43.0)	(27.0, 91.0)	(28.0, 173.0)	(29.0, 339.0)	(30.0, 378.0)	(31.0, 257.0)	(32.0, 156.0)	(33.0, 149.0)	(34.0, 161.0)	(35.0, 82.0)	(36.0, 9.0)					
I15_S69.R1	(19.0, 3.0)	(20.0, 1.0)	(21.0, 2.0)	(22.0, 2.0)	(23.0, 1.0)	(24.0, 5.0)	(25.0, 11.0)	(26.0, 28.0)	(27.0, 38.0)	(28.0, 75.0)	(29.0, 107.0)	(30.0, 165.0)	(31.0, 237.0)	(32.0, 382.0)	(33.0, 625.0)	(34.0, 1038.0)	(35.0, 2130.0)	(36.0, 7117.0)	(37.0, 15529.0)								
I15_S69.R2	(14.0, 1.0)	(15.0, 1.0)	(16.0, 29.0)	(17.0, 107.0)	(18.0, 130.0)	(19.0, 207.0)	(20.0, 203.0)	(21.0, 247.0)	(22.0, 260.0)	(23.0, 345.0)	(24.0, 407.0)	(25.0, 454.0)	(26.0, 586.0)	(27.0, 767.0)	(28.0, 992.0)	(29.0, 1252.0)	(30.0, 1714.0)	(31.0, 2494.0)	(32.0, 3579.0)	(33.0, 5177.0)	(34.0, 5457.0)	(35.0, 2851.0)	(36.0, 234.0)	(37.0, 2.0)			
I16_S70.R1	(21.0, 3.0)	(22.0, 0.0)	(23.0, 2.0)	(24.0, 5.0)	(25.0, 4.0)	(26.0, 12.0)	(27.0, 18.0)	(28.0, 14.0)	(29.0, 44.0)	(30.0, 42.0)	(31.0, 67.0)	(32.0, 130.0)	(33.0, 205.0)	(34.0, 352.0)	(35.0, 728.0)	(36.0, 1940.0)	(37.0, 3964.0)										
I16_S70.R2	(16.0, 12.0)	(17.0, 24.0)	(18.0, 41.0)	(19.0, 50.0)	(20.0, 64.0)	(21.0, 70.0)	(22.0, 76.0)	(23.0, 83.0)	(24.0, 113.0)	(25.0, 133.0)	(26.0, 182.0)	(27.0, 247.0)	(28.0, 338.0)	(29.0, 505.0)	(30.0, 598.0)	(31.0, 754.0)	(32.0, 939.0)	(33.0, 1228.0)	(34.0, 1235.0)	(35.0, 721.0)	(36.0, 116.0)	(37.0, 1.0)					
I17_S71.R1	(22.0, 2.0)	(23.0, 2.0)	(24.0, 1.0)	(25.0, 3.0)	(26.0, 4.0)	(27.0, 8.0)	(28.0, 15.0)	(29.0, 29.0)	(30.0, 44.0)	(31.0, 64.0)	(32.0, 122.0)	(33.0, 209.0)	(34.0, 358.0)	(35.0, 666.0)	(36.0, 1906.0)	(37.0, 3795.0)											
I17_S71.R2	(16.0, 7.0)	(17.0, 18.0)	(18.0, 26.0)	(19.0, 41.0)	(20.0, 53.0)	(21.0, 70.0)	(22.0, 80.0)	(23.0, 92.0)	(24.0, 113.0)	(25.0, 135.0)	(26.0, 137.0)	(27.0, 219.0)	(28.0, 312.0)	(29.0, 458.0)	(30.0, 599.0)	(31.0, 674.0)	(32.0, 836.0)	(33.0, 1129.0)	(34.0, 1247.0)	(35.0, 822.0)	(36.0, 156.0)	(37.0, 4.0)					
I18_S72.R1	(23.0, 2.0)	(24.0, 3.0)	(25.0, 2.0)	(26.0, 3.0)	(27.0, 5.0)	(28.0, 10.0)	(29.0, 12.0)	(30.0, 23.0)	(31.0, 34.0)	(32.0, 50.0)	(33.0, 108.0)	(34.0, 193.0)	(35.0, 437.0)	(36.0, 1192.0)	(37.0, 1207.0)												
I18_S72.R2	(17.0, 3.0)	(18.0, 3.0)	(19.0, 7.0)	(20.0, 10.0)	(21.0, 14.0)	(22.0, 12.0)	(23.0, 26.0)	(24.0, 29.0)	(25.0, 30.0)	(26.0, 44.0)	(27.0, 49.0)	(28.0, 97.0)	(29.0, 201.0)	(30.0, 209.0)	(31.0, 254.0)	(32.0, 267.0)	(33.0, 419.0)	(34.0, 682.0)	(35.0, 699.0)	(36.0, 219.0)	(37.0, 7.0)						
I19_S73.R1	(18.0, 1.0)	(19.0, 3.0)	(20.0, 3.0)	(21.0, 11.0)	(22.0, 14.0)	(23.0, 13.0)	(24.0, 15.0)	(25.0, 18.0)	(26.0, 18.0)	(27.0, 18.0)	(28.0, 20.0)	(29.0, 29.0)	(30.0, 28.0)	(31.0, 34.0)	(32.0, 31.0)	(33.0, 22.0)	(34.0, 60.0)	(35.0, 130.0)	(36.0, 432.0)	(37.0, 514.0)							
I19_S73.R2	(16.0, 8.0)	(17.0, 16.0)	(18.0, 17.0)	(19.0, 18.0)	(20.0, 31.0)	(21.0, 24.0)	(22.0, 18.0)	(23.0, 25.0)	(24.0, 22.0)	(25.0, 16.0)	(26.0, 34.0)	(27.0, 40.0)	(28.0, 45.0)	(29.0, 79.0)	(30.0, 104.0)	(31.0, 102.0)	(32.0, 127.0)	(33.0, 202.0)	(34.0, 218.0)	(35.0, 182.0)	(36.0, 78.0)	(37.0, 8.0)					
I24_S49.R1	(18.0, 2.0)	(19.0, 1.0)	(20.0, 3.0)	(21.0, 9.0)	(22.0, 4.0)	(23.0, 9.0)	(24.0, 6.0)	(25.0, 14.0)	(26.0, 23.0)	(27.0, 51.0)	(28.0, 57.0)	(29.0, 104.0)	(30.0, 168.0)	(31.0, 250.0)	(32.0, 417.0)	(33.0, 652.0)	(34.0, 1067.0)	(35.0, 2187.0)	(36.0, 7015.0)	(37.0, 16227.0)							
I24_S49.R2	(15.0, 4.0)	(16.0, 36.0)	(17.0, 80.0)	(18.0, 116.0)	(19.0, 155.0)	(20.0, 177.0)	(21.0, 254.0)	(22.0, 279.0)	(23.0, 374.0)	(24.0, 398.0)	(25.0, 478.0)	(26.0, 644.0)	(27.0, 764.0)	(28.0, 955.0)	(29.0, 1268.0)	(30.0, 1769.0)	(31.0, 2486.0)	(32.0, 3562.0)	(33.0, 5008.0)	(34.0, 5724.0)	(35.0, 3385.0)	(36.0, 348.0)	(37.0, 2.0)				
I28_S74.R1	(19.0, 2.0)	(20.0, 0.0)	(21.0, 0.0)	(22.0, 0.0)	(23.0, 4.0)	(24.0, 4.0)	(25.0, 1.0)	(26.0, 3.0)	(27.0, 10.0)	(28.0, 12.0)	(29.0, 28.0)	(30.0, 25.0)	(31.0, 44.0)	(32.0, 75.0)	(33.0, 117.0)	(34.0, 220.0)	(35.0, 469.0)	(36.0, 1406.0)	(37.0, 2331.0)								
I28_S74.R2	(14.0, 1.0)	(15.0, 1.0)	(16.0, 6.0)	(17.0, 19.0)	(18.0, 22.0)	(19.0, 27.0)	(20.0, 26.0)	(21.0, 46.0)	(22.0, 59.0)	(23.0, 53.0)	(24.0, 60.0)	(25.0, 74.0)	(26.0, 132.0)	(27.0, 144.0)	(28.0, 188.0)	(29.0, 265.0)	(30.0, 409.0)	(31.0, 534.0)	(32.0, 619.0)	(33.0, 776.0)	(34.0, 769.0)	(35.0, 433.0)	(36.0, 85.0)	(37.0, 3.0)			
I29_S75.R1	(17.0, 1.0)	(18.0, 0.0)	(19.0, 3.0)	(20.0, 2.0)	(21.0, 2.0)	(22.0, 2.0)	(23.0, 1.0)	(24.0, 3.0)	(25.0, 10.0)	(26.0, 13.0)	(27.0, 20.0)	(28.0, 49.0)	(29.0, 76.0)	(30.0, 115.0)	(31.0, 164.0)	(32.0, 264.0)	(33.0, 431.0)	(34.0, 773.0)	(35.0, 1676.0)	(36.0, 5151.0)	(37.0, 10782.0)						
I29_S75.R2	(14.0, 1.0)	(15.0, 7.0)	(16.0, 25.0)	(17.0, 76.0)	(18.0, 92.0)	(19.0, 129.0)	(20.0, 146.0)	(21.0, 188.0)	(22.0, 195.0)	(23.0, 269.0)	(24.0, 284.0)	(25.0, 346.0)	(26.0, 500.0)	(27.0, 613.0)	(28.0, 751.0)	(29.0, 958.0)	(30.0, 1379.0)	(31.0, 1859.0)	(32.0, 2647.0)	(33.0, 3384.0)	(34.0, 3641.0)	(35.0, 1863.0)	(36.0, 185.0)				
I2_S60.R1	(19.0, 1.0)	(20.0, 1.0)	(21.0, 3.0)	(22.0, 2.0)	(23.0, 3.0)	(24.0, 5.0)	(25.0, 12.0)	(26.0, 10.0)	(27.0, 23.0)	(28.0, 22.0)	(29.0, 47.0)	(30.0, 66.0)	(31.0, 113.0)	(32.0, 171.0)	(33.0, 286.0)	(34.0, 486.0)	(35.0, 1023.0)	(36.0, 3129.0)	(37.0, 6492.0)								
I2_S60.R2	(15.0, 8.0)	(16.0, 9.0)	(17.0, 38.0)	(18.0, 64.0)	(19.0, 83.0)	(20.0, 105.0)	(21.0, 108.0)	(22.0, 111.0)	(23.0, 159.0)	(24.0, 173.0)	(25.0, 217.0)	(26.0, 289.0)	(27.0, 339.0)	(28.0, 462.0)	(29.0, 713.0)	(30.0, 864.0)	(31.0, 1166.0)	(32.0, 1564.0)	(33.0, 2150.0)	(34.0, 2108.0)	(35.0, 1055.0)	(36.0, 107.0)	(37.0, 3.0)				
I35_S50.R1	(18.0, 1.0)	(19.0, 0.0)	(20.0, 6.0)	(21.0, 2.0)	(22.0, 6.0)	(23.0, 10.0)	(24.0, 14.0)	(25.0, 18.0)	(26.0, 41.0)	(27.0, 52.0)	(28.0, 70.0)	(29.0, 136.0)	(30.0, 168.0)	(31.0, 322.0)	(32.0, 450.0)	(33.0, 744.0)	(34.0, 1404.0)	(35.0, 3218.0)	(36.0, 9695.0)	(37.0, 12188.0)							
I35_S50.R2	(15.0, 6.0)	(16.0, 44.0)	(17.0, 79.0)	(18.0, 129.0)	(19.0, 165.0)	(20.0, 204.0)	(21.0, 205.0)	(22.0, 246.0)	(23.0, 367.0)	(24.0, 381.0)	(25.0, 477.0)	(26.0, 613.0)	(27.0, 744.0)	(28.0, 1003.0)	(29.0, 1451.0)	(30.0, 2071.0)	(31.0, 2996.0)	(32.0, 4202.0)	(33.0, 5377.0)	(34.0, 5206.0)	(35.0, 2367.0)	(36.0, 204.0)	(37.0, 8.0)				
I36_S51.R1	(18.0, 2.0)	(19.0, 0.0)	(20.0, 0.0)	(21.0, 3.0)	(22.0, 4.0)	(23.0, 8.0)	(24.0, 5.0)	(25.0, 10.0)	(26.0, 17.0)	(27.0, 29.0)	(28.0, 45.0)	(29.0, 91.0)	(30.0, 139.0)	(31.0, 223.0)	(32.0, 308.0)	(33.0, 491.0)	(34.0, 899.0)	(35.0, 1868.0)	(36.0, 6006.0)	(37.0, 12484.0)							
I36_S51.R2	(13.0, 2.0)	(14.0, 0.0)	(15.0, 4.0)	(16.0, 29.0)	(17.0, 83.0)	(18.0, 107.0)	(19.0, 154.0)	(20.0, 157.0)	(21.0, 196.0)	(22.0, 248.0)	(23.0, 259.0)	(24.0, 340.0)	(25.0, 408.0)	(26.0, 475.0)	(27.0, 621.0)	(28.0, 804.0)	(29.0, 1105.0)	(30.0, 1497.0)	(31.0, 2034.0)	(32.0, 2855.0)	(33.0, 3917.0)	(34.0, 4583.0)	(35.0, 2507.0)	(36.0, 247.0)			
I3_S61.R1	(18.0, 3.0)	(19.0, 2.0)	(20.0, 2.0)	(21.0, 2.0)	(22.0, 4.0)	(23.0, 4.0)	(24.0, 10.0)	(25.0, 16.0)	(26.0, 17.0)	(27.0, 21.0)	(28.0, 75.0)	(29.0, 91.0)	(30.0, 140.0)	(31.0, 222.0)	(32.0, 366.0)	(33.0, 593.0)	(34.0, 983.0)	(35.0, 2115.0)	(36.0, 6626.0)	(37.0, 14521.0)							
I3_S61.R2	(15.0, 3.0)	(16.0, 38.0)	(17.0, 80.0)	(18.0, 121.0)	(19.0, 182.0)	(20.0, 196.0)	(21.0, 248.0)	(22.0, 298.0)	(23.0, 384.0)	(24.0, 403.0)	(25.0, 514.0)	(26.0, 638.0)	(27.0, 780.0)	(28.0, 983.0)	(29.0, 1365.0)	(30.0, 1800.0)	(31.0, 2426.0)	(32.0, 3398.0)	(33.0, 4587.0)	(34.0, 4820.0)	(35.0, 2345.0)	(36.0, 204.0)					
I4_S62.R1	(21.0, 1.0)	(22.0, 1.0)	(23.0, 0.0)	(24.0, 1.0)	(25.0, 4.0)	(26.0, 8.0)	(27.0, 9.0)	(28.0, 13.0)	(29.0, 19.0)	(30.0, 37.0)	(31.0, 68.0)	(32.0, 94.0)	(33.0, 156.0)	(34.0, 304.0)	(35.0, 613.0)	(36.0, 1568.0)	(37.0, 2066.0)										
I4_S62.R2	(15.0, 1.0)	(16.0, 3.0)	(17.0, 10.0)	(18.0, 16.0)	(19.0, 12.0)	(20.0, 32.0)	(21.0, 36.0)	(22.0, 40.0)	(23.0, 63.0)	(24.0, 64.0)	(25.0, 66.0)	(26.0, 95.0)	(27.0, 140.0)	(28.0, 242.0)	(29.0, 407.0)	(30.0, 517.0)	(31.0, 542.0)	(32.0, 585.0)	(33.0, 667.0)	(34.0, 803.0)	(35.0, 536.0)	(36.0, 84.0)	(37.0, 1.0)				
I50_S54.R1	(18.0, 4.0)	(19.0, 1.0)	(20.0, 3.0)	(21.0, 6.0)	(22.0, 5.0)	(23.0, 4.0)	(24.0, 11.0)	(25.0, 17.0)	(26.0, 26.0)	(27.0, 39.0)	(28.0, 83.0)	(29.0, 121.0)	(30.0, 190.0)	(31.0, 279.0)	(32.0, 497.0)	(33.0, 783.0)	(34.0, 1391.0)	(35.0, 2920.0)	(36.0, 9601.0)	(37.0, 16309.0)							
I50_S54.R2	(12.0, 2.0)	(13.0, 0.0)	(14.0, 2.0)	(15.0, 5.0)	(16.0, 29.0)	(17.0, 84.0)	(18.0, 138.0)	(19.0, 211.0)	(20.0, 230.0)	(21.0, 271.0)	(22.0, 337.0)	(23.0, 395.0)	(24.0, 507.0)	(25.0, 587.0)	(26.0, 716.0)	(27.0, 895.0)	(28.0, 1174.0)	(29.0, 1529.0)	(30.0, 2057.0)	(31.0, 2976.0)	(32.0, 4068.0)	(33.0, 5748.0)	(34.0, 6184.0)	(35.0, 3685.0)	(36.0, 459.0)	(37.0, 1.0)	
I51_S55.R1	(21.0, 3.0)	(22.0, 1.0)	(23.0, 2.0)	(24.0, 7.0)	(25.0, 7.0)	(26.0, 9.0)	(27.0, 17.0)	(28.0, 40.0)	(29.0, 59.0)	(30.0, 109.0)	(31.0, 153.0)	(32.0, 253.0)	(33.0, 420.0)	(34.0, 781.0)	(35.0, 1691.0)	(36.0, 5392.0)	(37.0, 5648.0)										
I51_S55.R2	(16.0, 4.0)	(17.0, 19.0)	(18.0, 35.0)	(19.0, 66.0)	(20.0, 97.0)	(21.0, 109.0)	(22.0, 131.0)	(23.0, 154.0)	(24.0, 179.0)	(25.0, 241.0)	(26.0, 278.0)	(27.0, 335.0)	(28.0, 459.0)	(29.0, 693.0)	(30.0, 829.0)	(31.0, 1092.0)	(32.0, 1541.0)	(33.0, 2249.0)	(34.0, 3061.0)	(35.0, 2563.0)	(36.0, 456.0)	(37.0, 1.0)					
I52_S56.R1	(19.0, 2.0)	(20.0, 2.0)	(21.0, 3.0)	(22.0, 6.0)	(23.0, 6.0)	(24.0, 13.0)	(25.0, 13.0)	(26.0, 26.0)	(27.0, 44.0)	(28.0, 72.0)	(29.0, 125.0)	(30.0, 197.0)	(31.0, 277.0)	(32.0, 436.0)	(33.0, 701.0)	(34.0, 1190.0)	(35.0, 2480.0)	(36.0, 7812.0)	(37.0, 16223.0)								
I52_S56.R2	(13.0, 1.0)	(14.0, 0.0)	(15.0, 7.0)	(16.0, 34.0)	(17.0, 87.0)	(18.0, 143.0)	(19.0, 185.0)	(20.0, 227.0)	(21.0, 265.0)	(22.0, 317.0)	(23.0, 371.0)	(24.0, 441.0)	(25.0, 562.0)	(26.0, 664.0)	(27.0, 826.0)	(28.0, 1036.0)	(29.0, 1440.0)	(30.0, 2014.0)	(31.0, 2769.0)	(32.0, 3791.0)	(33.0, 5415.0)	(34.0, 5791.0)	(35.0, 2978.0)	(36.0, 264.0)			
I56_S57.R1	(18.0, 3.0)	(19.0, 1.0)	(20.0, 1.0)	(21.0, 0.0)	(22.0, 1.0)	(23.0, 9.0)	(24.0, 5.0)	(25.0, 21.0)	(26.0, 22.0)	(27.0, 41.0)	(28.0, 62.0)	(29.0, 94.0)	(30.0, 153.0)	(31.0, 236.0)	(32.0, 379.0)	(33.0, 591.0)	(34.0, 982.0)	(35.0, 2061.0)	(36.0, 6565.0)	(37.0, 11818.0)							
I56_S57.R2	(13.0, 1.0)	(14.0, 0.0)	(15.0, 8.0)	(16.0, 40.0)	(17.0, 130.0)	(18.0, 190.0)	(19.0, 187.0)	(20.0, 222.0)	(21.0, 250.0)	(22.0, 323.0)	(23.0, 342.0)	(24.0, 380.0)	(25.0, 553.0)	(26.0, 612.0)	(27.0, 759.0)	(28.0, 984.0)	(29.0, 1267.0)	(30.0, 1749.0)	(31.0, 2386.0)	(32.0, 3185.0)	(33.0, 4102.0)	(34.0, 3739.0)	(35.0, 1534.0)	(36.0, 100.0)	(37.0, 2.0)		
I57_S58.R1	(18.0, 1.0)	(19.0, 0.0)	(20.0, 0.0)	(21.0, 0.0)	(22.0, 0.0)	(23.0, 2.0)	(24.0, 3.0)	(25.0, 0.0)	(26.0, 5.0)	(27.0, 5.0)	(28.0, 24.0)	(29.0, 33.0)	(30.0, 46.0)	(31.0, 67.0)	(32.0, 107.0)	(33.0, 178.0)	(34.0, 335.0)	(35.0, 657.0)	(36.0, 2068.0)	(37.0, 3947.0)							
I57_S58.R2	(14.0, 1.0)	(15.0, 1.0)	(16.0, 12.0)	(17.0, 22.0)	(18.0, 45.0)	(19.0, 57.0)	(20.0, 59.0)	(21.0, 69.0)	(22.0, 67.0)	(23.0, 104.0)	(24.0, 128.0)	(25.0, 160.0)	(26.0, 198.0)	(27.0, 233.0)	(28.0, 325.0)	(29.0, 443.0)	(30.0, 636.0)	(31.0, 849.0)	(32.0, 1029.0)	(33.0, 1196.0)	(34.0, 1183.0)	(35.0, 587.0)	(36.0, 74.0)				
I5_S63.R1	(18.0, 3.0)	(19.0, 1.0)	(20.0, 4.0)	(21.0, 3.0)	(22.0, 1.0)	(23.0, 1.0)	(24.0, 13.0)	(25.0, 14.0)	(26.0, 17.0)	(27.0, 38.0)	(28.0, 81.0)	(29.0, 107.0)	(30.0, 147.0)	(31.0, 249.0)	(32.0, 390.0)	(33.0, 592.0)	(34.0, 1071.0)	(35.0, 2225.0)	(36.0, 7322.0)	(37.0, 15101.0)							
I5_S63.R2	(15.0, 3.0)	(16.0, 32.0)	(17.0, 99.0)	(18.0, 124.0)	(19.0, 149.0)	(20.0, 205.0)	(21.0, 239.0)	(22.0, 264.0)	(23.0, 360.0)	(24.0, 381.0)	(25.0, 494.0)	(26.0, 592.0)	(27.0, 757.0)	(28.0, 993.0)	(29.0, 1430.0)	(30.0, 1788.0)	(31.0, 2595.0)	(32.0, 3592.0)	(33.0, 4997.0)	(34.0, 5261.0)	(35.0, 2777.0)	(36.0, 247.0)	(37.0, 1.0)				
I6_S64.R1	(18.0, 1.0)	(19.0, 1.0)	(20.0, 2.0)	(21.0, 2.0)	(22.0, 6.0)	(23.0, 8.0)	(24.0, 8.0)	(25.0, 11.0)	(26.0, 24.0)	(27.0, 44.0)	(28.0, 64.0)	(29.0, 129.0)	(30.0, 204.0)	(31.0, 272.0)	(32.0, 444.0)	(33.0, 744.0)	(34.0, 1248.0)	(35.0, 2621.0)	(36.0, 8324.0)	(37.0, 17570.0)							
I6_S64.R2	(14.0, 1.0)	(15.0, 4.0)	(16.0, 43.0)	(17.0, 101.0)	(18.0, 168.0)	(19.0, 208.0)	(20.0, 264.0)	(21.0, 260.0)	(22.0, 342.0)	(23.0, 381.0)	(24.0, 484.0)	(25.0, 588.0)	(26.0, 718.0)	(27.0, 943.0)	(28.0, 1110.0)	(29.0, 1591.0)	(30.0, 2139.0)	(31.0, 3026.0)	(32.0, 4275.0)	(33.0, 5865.0)	(34.0, 5980.0)	(35.0, 2971.0)	(36.0, 262.0)	(37.0, 3.0)			
I7_S65.R1	(23.0, 2.0)	(24.0, 0.0)	(25.0, 0.0)	(26.0, 0.0)	(27.0, 1.0)	(28.0, 3.0)	(29.0, 7.0)	(30.0, 7.0)	(31.0, 19.0)	(32.0, 25.0)	(33.0, 55.0)	(34.0, 89.0)	(35.0, 224.0)	(36.0, 410.0)	(37.0, 322.0)												
I7_S65.R2	(18.0, 2.0)	(19.0, 3.0)	(20.0, 4.0)	(21.0, 4.0)	(22.0, 4.0)	(23.0, 6.0)	(24.0, 10.0)	(25.0, 13.0)	(26.0, 13.0)	(27.0, 36.0)	(28.0, 102.0)	(29.0, 194.0)	(30.0, 239.0)	(31.0, 156.0)	(32.0, 75.0)	(33.0, 68.0)	(34.0, 93.0)	(35.0, 92.0)	(36.0, 49.0)	(37.0, 1.0)							
I8_S66.R1	(19.0, 4.0)	(20.0, 4.0)	(21.0, 2.0)	(22.0, 4.0)	(23.0, 8.0)	(24.0, 8.0)	(25.0, 8.0)	(26.0, 37.0)	(27.0, 52.0)	(28.0, 88.0)	(29.0, 127.0)	(30.0, 210.0)	(31.0, 305.0)	(32.0, 472.0)	(33.0, 736.0)	(34.0, 1271.0)	(35.0, 2724.0)	(36.0, 8811.0)	(37.0, 16871.0)								
I8_S66.R2	(11.0, 1.0)	(12.0, 0.0)	(13.0, 0.0)	(14.0, 2.0)	(15.0, 6.0)	(16.0, 43.0)	(17.0, 130.0)	(18.0, 184.0)	(19.0, 247.0)	(20.0, 270.0)	(21.0, 294.0)	(22.0, 348.0)	(23.0, 396.0)	(24.0, 487.0)	(25.0, 665.0)	(26.0, 743.0)	(27.0, 963.0)	(28.0, 1250.0)	(29.0, 1560.0)	(30.0, 2280.0)	(31.0, 3068.0)	(32.0, 4331.0)	(33.0, 5779.0)	(34.0, 5831.0)	(35.0, 2666.0)	(36.0, 196.0)	(37.0, 2.0)
I9_S76.R1	(22.0, 1.0)	(23.0, 1.0)	(24.0, 1.0)	(25.0, 2.0)	(26.0, 0.0)	(27.0, 2.0)	(28.0, 7.0)	(29.0, 11.0)	(30.0, 13.0)	(31.0, 27.0)	(32.0, 45.0)	(33.0, 79.0)	(34.0, 144.0)	(35.0, 267.0)	(36.0, 527.0)	(37.0, 352.0)											
I9_S76.R2	(18.0, 2.0)	(19.0, 0.0)	(20.0, 1.0)	(21.0, 2.0)	(22.0, 2.0)	(23.0, 5.0)	(24.0, 9.0)	(25.0, 17.0)	(26.0, 22.0)	(27.0, 43.0)	(28.0, 133.0)	(29.0, 267.0)	(30.0, 359.0)	(31.0, 213.0)	(32.0, 75.0)	(33.0, 39.0)	(34.0, 75.0)	(35.0, 117.0)	(36.0, 96.0)	(37.0, 2.0)							
