Sample	None_mqc-generalstats-fastqc-percent_duplicates	None_mqc-generalstats-fastqc-percent_gc	None_mqc-generalstats-fastqc-avg_sequence_length	None_mqc-generalstats-fastqc-median_sequence_length	None_mqc-generalstats-fastqc-percent_fails	None_mqc-generalstats-fastqc-total_sequences
GI-103_S80.R1	92.62858597861144	51.0	300.13100492276357	301	36.36363636363637	0.023563999999999998
GI-103_S80.R2	87.64640977762689	52.0	297.95365812255983	300	45.45454545454545	0.023563999999999998
GI-59_S79.R1	96.47216718859845	46.0	299.79133380200676	300	36.36363636363637	0.031293999999999995
GI-59_S79.R2	93.669713044034	46.0	297.0595321786924	300	45.45454545454545	0.031293999999999995
Gl-104_S42.R1	91.41975637001968	50.0	300.268312144263	301	36.36363636363637	0.018799
Gl-104_S42.R2	85.12154901856482	50.0	298.4141709665408	301	45.45454545454545	0.018799
Gl-111_S43.R1	77.06172839506172	45.0	300.1024691358025	301	36.36363636363637	0.00405
Gl-111_S43.R2	72.8395061728395	45.0	297.9246913580247	300	45.45454545454545	0.00405
Gl-114_S44.R1	88.83018867924528	29.0	300.24679245283016	301	36.36363636363637	0.001325
Gl-114_S44.R2	88.37735849056604	29.0	297.87094339622644	300	45.45454545454545	0.001325
Gl-121_S45.R1	92.92741785780584	49.0	300.50691479487654	301	36.36363636363637	0.021547999999999998
Gl-121_S45.R2	86.59272322257286	49.0	298.94830146649343	301	45.45454545454545	0.021547999999999998
Gl-124_S46.R1	94.09984144525056	50.0	300.60486234564934	301	36.36363636363637	0.020812999999999998
Gl-124_S46.R2	87.55104982462883	50.0	299.14447700956134	301	45.45454545454545	0.020812999999999998
Gl-125_S47.R1	95.36147441062832	50.0	300.6000330585343	301	36.36363636363637	0.048399
Gl-125_S47.R2	90.30971714291617	50.0	299.0975846608401	301	45.45454545454545	0.048399
Gl-14_S2.R1	68.46282372598162	42.0	299.9812030075188	301	36.36363636363637	0.002394
Gl-14_S2.R2	64.99582289055974	42.0	297.80325814536343	300	36.36363636363637	0.002394
Gl-15_S3.R1	65.40681437348725	43.0	299.57419474958107	301	36.36363636363637	0.005371
Gl-15_S3.R2	63.07950102401787	43.0	297.09532675479426	300	36.36363636363637	0.005371
Gl-16_S4.R1	67.8714859437751	39.0	299.90712851405624	301	36.36363636363637	0.001992
Gl-16_S4.R2	64.75903614457832	39.0	298.0125502008032	300	45.45454545454545	0.001992
Gl-17_S5.R1	83.27323162274618	53.0	299.104854368932	301	36.36363636363637	0.0036049999999999997
Gl-17_S5.R2	78.44660194174757	53.0	298.5054091539528	301	45.45454545454545	0.0036049999999999997
Gl-25_S48.R1	75.859375	42.0	299.67890625	300	36.36363636363637	0.0012799999999999999
Gl-25_S48.R2	71.5625	42.0	295.8859375	299	36.36363636363637	0.0012799999999999999
Gl-26_S6.R1	81.44192256341789	37.0	299.9732977303071	301	36.36363636363637	0.002247
Gl-26_S6.R2	79.52825990209168	37.0	297.6261682242991	300	36.36363636363637	0.002247
Gl-27_S7.R1	79.47705969412925	33.0	300.28071040947214	301	36.36363636363637	0.0020269999999999997
Gl-27_S7.R2	77.79970399605328	33.0	297.97977306364083	300	45.45454545454545	0.0020269999999999997
Gl-28_S8.R1	79.2573623559539	44.0	300.25256081946225	301	36.36363636363637	0.003124
Gl-28_S8.R2	73.5595390524968	44.0	298.52784891165174	301	45.45454545454545	0.003124
Gl-29_S9.R1	70.27027027027027	36.0	300.00883575883574	301	36.36363636363637	0.001924
Gl-29_S9.R2	69.54261954261955	36.0	297.83471933471935	300	45.45454545454545	0.001924
Gl-30_S10.R1	65.58861578266495	37.0	300.0420439844761	301	36.36363636363637	0.0015459999999999998
Gl-30_S10.R2	62.22509702457956	37.0	297.65717981888747	300	45.45454545454545	0.0015459999999999998
Gl-31_S11.R1	87.92561550550026	47.0	300.3359088528025	301	36.36363636363637	0.0076359999999999996
Gl-31_S11.R2	81.07647983237297	46.0	298.6392090099529	301	36.36363636363637	0.0076359999999999996
Gl-32_S12.R1	81.39281828073993	42.0	299.6467174464998	301	36.36363636363637	0.002757
Gl-32_S12.R2	73.77584330794342	42.0	297.7772941603192	300	36.36363636363637	0.002757
Gl-33_S13.R1	71.54471544715447	35.0	300.0758807588076	301	36.36363636363637	0.0014759999999999999
Gl-33_S13.R2	69.17344173441734	34.0	297.6368563685637	300	45.45454545454545	0.0014759999999999999
Gl-34_S14.R1	79.56577266922095	36.0	296.48148148148147	300	36.36363636363637	0.002349
Gl-34_S14.R2	78.45891868880375	36.0	295.12771392081737	299	36.36363636363637	0.002349
Gl-36_S15.R1	78.36353651839649	36.0	299.8099945085118	301	36.36363636363637	0.001821
Gl-36_S15.R2	77.26523887973642	36.0	297.20208676551346	299	36.36363636363637	0.001821
Gl-38_S16.R1	87.89546079779917	47.0	299.9677517958123	301	36.36363636363637	0.006542999999999999
Gl-38_S16.R2	83.46324316062967	47.0	297.64756228029955	300	45.45454545454545	0.006542999999999999
Gl-39_S17.R1	64.1399416909621	35.0	299.97667638483966	301	36.36363636363637	0.000686
Gl-39_S17.R2	62.97376093294461	35.0	297.8527696793003	300	36.36363636363637	0.000686
Gl-45_S18.R1	77.21153846153847	31.0	299.78173076923076	301	36.36363636363637	0.00104
Gl-45_S18.R2	77.11538461538461	31.0	297.94711538461536	300	36.36363636363637	0.00104
Gl-47_S19.R1	87.99403430275913	28.0	300.2505592841163	301	36.36363636363637	0.001341
Gl-47_S19.R2	87.47203579418344	28.0	297.83743475018645	300	45.45454545454545	0.001341
Gl-51_S20.R1	87.5	38.0	297.8311403508772	300	36.36363636363637	0.0018239999999999999
Gl-51_S20.R2	82.89473684210526	39.0	295.97532894736844	299	45.45454545454545	0.0018239999999999999
Gl-52_S21.R1	89.10380399742102	48.0	300.50676982591875	301	36.36363636363637	0.004653
Gl-52_S21.R2	82.16204599183322	47.0	298.926499032882	301	45.45454545454545	0.004653
Gl-53_S22.R1	89.6048632218845	32.0	300.00060790273557	301	36.36363636363637	0.001645
Gl-53_S22.R2	86.26139817629179	32.0	297.31489361702126	300	36.36363636363637	0.001645
Gl-54_S23.R1	84.88095238095238	41.0	298.2327380952381	300	36.36363636363637	0.0033599999999999997
Gl-54_S23.R2	81.96428571428572	41.0	295.86071428571427	299	36.36363636363637	0.0033599999999999997
Gl-56_S24.R1	90.76737292787354	51.0	300.0021956306949	301	36.36363636363637	0.009108999999999999
Gl-56_S24.R2	85.24536173015699	51.0	297.5671314084971	300	45.45454545454545	0.009108999999999999
Gl-61_S25.R1	90.54597701149426	49.0	300.42672413793105	301	36.36363636363637	0.01044
Gl-61_S25.R2	84.39655172413794	48.0	298.8684865900383	301	45.45454545454545	0.01044
Gl-62_S26.R1	90.8650742414461	50.0	300.12244458790616	301	36.36363636363637	0.009294
Gl-62_S26.R2	86.15235635894125	50.0	297.9526576285776	300	45.45454545454545	0.009294
Gl-63_S27.R1	77.31359069275516	41.0	300.1903754627181	301	36.36363636363637	0.0018909999999999999
Gl-63_S27.R2	73.92913802221048	41.0	297.9836065573771	300	45.45454545454545	0.0018909999999999999
Gl-64_S28.R1	89.94670542635659	41.0	300.1058624031008	301	36.36363636363637	0.004128
Gl-64_S28.R2	83.72093023255815	41.0	298.25484496124034	300	36.36363636363637	0.004128
Gl-66_S29.R1	91.57467384362741	51.0	300.52125718456347	301	36.36363636363637	0.021922
Gl-66_S29.R2	85.97755679226348	51.0	298.78396131739805	301	45.45454545454545	0.021922
Gl-67_S30.R1	77.51705973901592	47.0	300.2176463546031	301	36.36363636363637	0.008353
Gl-67_S30.R2	72.06991500059858	47.0	298.12007661917875	300	45.45454545454545	0.008353
Gl-69_S31.R1	92.59991611240937	53.0	299.97830906585176	301	36.36363636363637	0.016689
Gl-69_S31.R2	86.93151177422254	53.0	298.4638983761759	301	45.45454545454545	0.016689
Gl-70_S32.R1	93.71661954131322	50.0	300.5090435797316	301	36.36363636363637	0.022281
Gl-70_S32.R2	87.05174812620618	50.0	299.0023787083165	301	45.45454545454545	0.022281
Gl-71_S33.R1	91.29990511641486	50.0	300.1580176629443	301	36.36363636363637	0.013701
Gl-71_S33.R2	84.7383402671338	50.0	298.22363331143714	300	45.45454545454545	0.013701
Gl-72_S34.R1	93.48105013817607	49.0	300.4532175286222	301	36.36363636363637	0.020264
Gl-72_S34.R2	86.6512041058034	49.0	298.9114686142914	301	45.45454545454545	0.020264
Gl-73_S35.R1	93.92420122365738	49.0	300.43269884432357	301	36.36363636363637	0.023535999999999998
Gl-73_S35.R2	88.12457511896669	49.0	298.8867692046227	301	45.45454545454545	0.023535999999999998
Gl-75_S36.R1	95.01596128102152	47.0	300.1189029622765	301	36.36363636363637	0.029133
Gl-75_S36.R2	90.87975834963787	47.0	297.8491744756805	300	45.45454545454545	0.029133
Gl-79_S37.R1	92.18872138470128	49.0	300.46242322724737	301	36.36363636363637	0.01791
Gl-79_S37.R2	86.7895030709101	49.0	298.8643774427694	301	45.45454545454545	0.01791
Gl-7_S1.R1	92.84691629955947	49.0	300.4740088105727	301	36.36363636363637	0.01816
Gl-7_S1.R2	86.96585903083701	49.0	298.9044052863436	301	45.45454545454545	0.01816
Gl-80_S38.R1	94.12926898108947	49.0	300.48154812305955	301	36.36363636363637	0.028343999999999998
Gl-80_S38.R2	88.99590742308777	49.0	298.9474315551792	301	45.45454545454545	0.028343999999999998
Gl-85_S39.R1	95.92737826905858	46.0	299.6305925216908	301	36.36363636363637	0.032387
Gl-85_S39.R2	91.52128940624324	45.0	298.0086454441597	301	45.45454545454545	0.032387
Gl-86_S40.R1	76.37044603336739	41.0	298.8375893769152	301	36.36363636363637	0.002937
Gl-86_S40.R2	72.25059584610146	41.0	297.07797071842015	300	36.36363636363637	0.002937
Gl-88_S41.R1	88.42748361962104	47.0	300.2362316274128	301	36.36363636363637	0.011294
Gl-88_S41.R2	81.963874623694	47.0	297.5897821852311	300	45.45454545454545	0.011294
I10_S77.R1	94.14060684912411	49.0	300.485804562985	301	36.36363636363637	0.021521
I10_S77.R2	88.42061242507319	49.0	298.90664931926955	301	45.45454545454545	0.021521
I111_S52.R1	91.03091951239202	46.0	299.5884394930169	300	36.36363636363637	0.012386999999999999
I111_S52.R2	85.42827157503835	46.0	297.01792201501576	300	45.45454545454545	0.012386999999999999
I113_S59.R1	97.02057432060732	46.0	299.89558807349545	300	36.36363636363637	0.045445
I113_S59.R2	93.7660908790846	46.0	297.33961932005724	300	45.45454545454545	0.045445
I117_S53.R1	97.35651802858972	45.0	299.6157030083209	300	45.45454545454545	0.046869999999999995
I117_S53.R2	93.43076594836782	45.0	297.6666951141455	301	45.45454545454545	0.046869999999999995
I11_S78.R1	95.73048556933965	44.0	299.9394850151341	301	36.36363636363637	0.046914
I11_S78.R2	90.29713944664705	43.0	296.95790169245856	299	36.36363636363637	0.046914
I13_S67.R1	95.23710913232553	50.0	300.50729225216696	301	36.36363636363637	0.033803
I13_S67.R2	89.59263970653492	50.0	298.98065260479837	301	45.45454545454545	0.033803
I14_S68.R1	79.78450487429451	38.0	300.27193432529504	301	36.36363636363637	0.001949
I14_S68.R2	76.2955361723961	38.0	298.11698306824013	300	45.45454545454545	0.001949
I15_S69.R1	94.44282804771603	50.0	300.4583212103579	301	36.36363636363637	0.027496
I15_S69.R2	88.82746581320919	50.0	298.8504873436136	301	45.45454545454545	0.027496
I16_S70.R1	92.76228419654714	47.0	300.5454183266932	301	36.36363636363637	0.007529999999999999
I16_S70.R2	86.54714475431607	47.0	299.02177954847275	301	45.45454545454545	0.007529999999999999
I17_S71.R1	91.29773104593248	47.0	300.3345323741007	301	36.36363636363637	0.007228
I17_S71.R2	84.14499169894853	47.0	298.6877421140011	301	45.45454545454545	0.007228
I18_S72.R1	91.00883876866808	36.0	299.3608655897592	300	36.36363636363637	0.003281
I18_S72.R2	85.3398354160317	36.0	295.39500152392566	297	36.36363636363637	0.003281
I19_S73.R1	82.10749646393211	42.0	298.63295615275814	301	36.36363636363637	0.001414
I19_S73.R2	75.45968882602546	42.0	296.21994342291373	298	45.45454545454545	0.001414
I24_S49.R1	94.3748673317767	49.0	300.5309205405788	301	36.36363636363637	0.028266
I24_S49.R2	88.69666737423053	49.0	298.8752211137055	301	45.45454545454545	0.028266
I28_S74.R1	80.90928225636708	47.0	300.0770364133867	301	36.36363636363637	0.004751
I28_S74.R2	74.2580509366449	47.0	298.3790780888234	301	45.45454545454545	0.004751
I29_S75.R1	93.75575801003173	49.0	300.46693622684	301	36.36363636363637	0.019538
I29_S75.R2	87.3221414679087	49.0	298.92962432183435	301	45.45454545454545	0.019538
I2_S60.R1	91.63514081546869	49.0	300.4728877679697	301	36.36363636363637	0.011895
I2_S60.R2	85.31315678856663	49.0	298.87330811265235	301	45.45454545454545	0.011895
I35_S50.R1	95.24259940444911	48.0	300.09654930811	301	36.36363636363637	0.028544999999999997
I35_S50.R2	90.04028726572079	48.0	297.58255386232264	300	45.45454545454545	0.028544999999999997
I36_S51.R1	93.95104277129728	50.0	300.5403852951573	301	36.36363636363637	0.022632
I36_S51.R2	87.76069282431955	49.0	298.9862142099682	301	45.45454545454545	0.022632
I3_S61.R1	94.537636074846	50.0	300.5482121411692	301	36.36363636363637	0.025813
I3_S61.R2	88.98229574245535	49.0	299.1071940495099	301	45.45454545454545	0.025813
I4_S62.R1	85.38895606610238	42.0	300.0949214026602	301	36.36363636363637	0.004961999999999999
I4_S62.R2	80.22974607013302	41.0	298.05884723901653	300	36.36363636363637	0.004961999999999999
I50_S54.R1	94.88696190771137	46.0	300.2380613192939	301	36.36363636363637	0.03229
I50_S54.R2	89.09879219572623	46.0	297.9859708888201	301	36.36363636363637	0.03229
I51_S55.R1	93.38678728070175	38.0	299.8491639254386	301	36.36363636363637	0.014591999999999999
I51_S55.R2	86.81469298245614	38.0	296.3390899122807	298	36.36363636363637	0.014591999999999999
I52_S56.R1	94.63007965438099	50.0	300.5274065073579	301	36.36363636363637	0.029627999999999998
I52_S56.R2	89.27703523693803	49.0	298.93901039557176	301	45.45454545454545	0.029627999999999998
I56_S57.R1	94.0030375352571	50.0	300.43033195921026	301	36.36363636363637	0.023045
I56_S57.R2	86.6738988934693	49.0	298.894944673465	301	45.45454545454545	0.023045
I57_S58.R1	89.83685477400374	49.0	300.3835250066863	301	36.36363636363637	0.007477999999999999
I57_S58.R2	83.67210484086654	48.0	298.9081305161808	301	45.45454545454545	0.007477999999999999
I5_S63.R1	94.44485025566107	50.0	300.49769905040176	301	36.36363636363637	0.027379999999999998
I5_S63.R2	89.26953981008035	49.0	298.9355734112491	301	45.45454545454545	0.027379999999999998
I6_S64.R1	92.69707189460081	50.0	300.48539099189964	301	36.36363636363637	0.031727
I6_S64.R2	87.28527752387556	50.0	298.92552084974943	301	45.45454545454545	0.031727
I7_S65.R1	75.94501718213058	34.0	300.0094501718213	301	36.36363636363637	0.0011639999999999999
I7_S65.R2	72.2508591065292	34.0	297.8015463917526	300	36.36363636363637	0.0011639999999999999
I8_S66.R1	95.31850545019218	50.0	300.4287379497196	301	36.36363636363637	0.031742
I8_S66.R2	89.14372125259908	49.0	298.81834793018714	301	45.45454545454545	0.031742
I9_S76.R1	92.15686274509804	29.0	300.0439486139283	301	36.36363636363637	0.0014789999999999998
I9_S76.R2	90.19607843137254	29.0	297.9019607843137	300	45.45454545454545	0.0014789999999999998
